#styr
1978
#Lastyear
2023
#Firstage
3
#Lastage
30
#nbins
41
#Lengthbin
22	27	32	37	42	47	52	57	62	67	72	77	82	87	92	97	102	107	112	117	122	127	132	137	142	147	152	157	162	167	172	177	182	187	192	197	202	207	212	217	222
#Nfsh
2
#Namesfsh
Ind%Art
#Catch
0.1	0.1	0.1	0.1	0.1	0.1	0.1	0.1	0.1	0.1	0.1	1363	2406	5191	19420	13002	10747	7924	1290	4716	4957	3688	3646	2062	2109	1109	2079	1991	2004	1974	2154	2345	2988	2298	2382	2199	1037	1212	1325	1483	1325	1305	1226	1609    1540    1411
0.1	0.1	0.1	0.1	0.1	0.1	0.1	0.1	0.1	0.1	0.1	0.1	0.1	0.1	0.1	0.1	0.1	0.1	0.1	0.1	0.1	0.1	0.1	0.1	0.1	0.1	0.1	0.1	0.1	0.1	0.1	0.1	0.1	0.1	0.1	0.1	0.1	185	313	389	380	472	296	182     469     557
#Fcatonerr
0.05	0.05	0.05	0.05	0.05	0.05	0.05	0.05	0.05	0.05	0.05	0.05	0.05	0.05	0.05	0.05	0.05	0.05	0.05	0.05	0.05	0.05	0.05	0.05	0.05	0.05	0.05	0.05	0.05	0.05	0.05	0.05	0.05	0.05	0.05	0.05	0.05	0.05	0.05	0.05	0.05	0.05	0.05	0.05    0.05    0.05
0.05	0.05	0.05	0.05	0.05	0.05	0.05	0.05	0.05	0.05	0.05	0.05	0.05	0.05	0.05	0.05	0.05	0.05	0.05	0.05	0.05	0.05	0.05	0.05	0.05	0.05	0.05	0.05	0.05	0.05	0.05	0.05	0.05	0.05	0.05	0.05	0.05	0.05	0.05	0.05	0.05	0.05	0.05	0.05    0.05    0.05
#FnyrsA
17
0
#FnyrsL
14
0
#yrsA
2007	2008	2009	2010	2011	2012	2013	2014	2015	2016	2017	2018	2019	2020	2021    2022    2023
#yrsL
1991	1992	1995	1996	1997	1998	1999	2000	2001	2002	2003	2004	2005	2006
#FageSample
60	60	60	60	60	60	60	60	60	60	60	60	60	60	60      60      60
#FlenSample
20	20	20	20	20	20	20	20	20	20	20	20	20	20
#FageComp
0	33	1114	5846	10910	13511	17910	20789	22000	21873	19481	17311	13425	13226	7752	10449	2933	3891	3197	2937	1389	1390	1895	459	923	195	934	320
6	9	175	1245	14557	17744	23900	22303	20058	21610	22315	13596	11054	7166	7830	6259	5291	7211	4974	4170	4944	3384	2547	2252	1668	1042	461	930
0	0	0	149	2034	7267	9618	16716	13692	27039	19582	15698	9431	7794	6005	4606	5687	7606	6695	5800	6008	5476	4448	3463	2874	2151	1999	2620
0	0	0	2239	10596	15647	18239	18300	22018	19314	18307	18858	12643	10982	9624	5889	5630	6367	4905	6468	8226	6707	5799	6304	3246	1898	1254	1174
0	0	6	1246	8882	10073	12374	14302	12834	16127	17172	10048	8304	7082	6812	4617	3415	6640	3076	5251	4489	5507	3768	3158	1704	933	174	49
0	0	0	669	8280	15039	12708	10098	10105	8879	9190	9722	8690	5799	4252	3954	3610	6453	2889	4540	3448	4024	5708	3222	3799	3388	1919	1511
0	8	29	2137	12015	21977	18374	11919	8570	8967	8533	8024	6517	3506	4154	4159	3694	8147	3648	4186	4036	3533	3906	2395	2744	1658	1095	1149
0	0	0	129	2007	5384	5969	4609	3763	3291	3822	4231	3606	2811	1547	2337	1808	5822	1983	1841	1969	2146	1716	1651	1445	867	1056	1365
0	0	0	117	3124	9116	11139	7258	4255	3860	4298	3919	2872	2548	1746	1719	1574	1969	2262	1514	2014	1588	1355	1753	1221	1262	1013	2248
0	0	0	56	1745	7097	12004	10218	7417	5396	5516	4190	3816	2774	2111	2217	1924	3777	2725	1929	2196	1888	1899	1922	1553	1187	1214	2861
0	52	105	354	1234	3005	5677	7084	4413	6048	5143	3908	2263	2709	2562	2194	2485	5056	2675	2778	3064	1788	1430	1834	816	1854	1352	1572
0	0	0	306	1875	2350	3554	6452	4886	4045	4470	2519	2603	2212	2906	1904	2055	3780	1809	1934	2421	2222	1518	2052	1787	2356	2418	4409
0	0	0	301	3006	3388	3087	4458	3987	4363	3770	3252	2944	2288	2488	2071	2858	3164	2267	2082	1632	1520	2209	1576	1949	1556	2445	6488
0	0	110	2139	6182	8681	7341	5594	4475	3705	3150	3203	2381	2355	1912	2278	2360	3165	2195	1486	1562	1916	1692	1706	1765	1642	2406	3369
0	0	1	261	1537	4685	4954	3831	3044	1734	2916	2382	2438	2514	2234	2789	1834	2538	3100	2086	2178	2473	2181	2240	2201	2186	2147	7010
0	0	0	110	801	2203	2602	2114	2046	2012	1937	1964	1740	1937	1821	1721	2010	2131	1960	1897	2107	1905	2152	2381	2397	2036	2368	8470
0	0	0	232	1331	3479	5539	5306	4394	3116	2643	2988	2210	1833	2206	2406	2177	3005	3042	2603	2350	2749	2021	1967	1511	1266	1312	2879
#FlenComp
0	0	0	0	0	24	997	2703	4204	4512	7140	11342	15682	25116	36776	42536	46601	47503	48248	39537	28449	18168	11899	7027	3862	1536	1291	442	182	0	0	0	0	0	0	0	0	0	0	0	0
0	0	0	0	0	75	132	2652	5021	5642	13183	24162	42678	45817	72023	96033	127773	124086	156998	150693	115216	72509	45981	28854	15140	3931	0	1497	0	0	0	0	0	0	0	0	0	0	0	0	0
0	0	0	0	0	0	65	163	1465	3218	7735	10960	14593	15202	35259	44907	48066	40906	55388	55811	48267	32505	21905	14296	6051	4891	1464	0	0	0	0	0	0	0	0	0	0	0	0	0	0
0	0	0	0	0	0	0	0	95	301	818	1605	2286	2894	5286	7046	9506	9833	9570	9816	6727	4887	2310	1368	679	410	187	40	53	0	0	0	0	0	0	0	0	0	0	0	0
0	0	0	0	0	0	0	58	58	347	845	1456	6521	15305	30432	35807	42407	37090	41192	30198	20389	11534	5633	2388	2196	0	0	0	0	0	0	0	0	0	0	0	0	0	0	0	0
0	0	0	0	0	0	70	312	1077	2885	5618	9214	13082	16911	26749	32753	41233	42395	45239	45416	27450	18217	9679	7480	3659	2512	1421	743	139	182	52	0	104	41	0	35	35	0	0	0	0
0	0	0	0	0	209	511	789	1322	3100	6056	9042	14960	20953	27208	32095	39687	36860	32260	26510	17403	11509	4806	4012	1521	1330	447	505	464	0	0	0	0	0	0	0	0	0	0	0	0
0	0	0	0	0	28	122	1799	3718	4672	7794	9212	10572	12009	13194	21012	22589	23918	20947	19144	12615	7538	5909	1809	715	296	0	197	0	0	0	0	0	0	0	0	0	0	0	0	0
0	0	0	0	0	620	1984	8928	21027	35938	47306	34464	31613	19799	19687	20113	16864	13669	10526	7210	5842	4107	1612	0	165	0	0	0	0	0	0	0	0	0	0	0	0	0	0	0	0
0	0	0	20	0	58	5	531	785	2478	4457	8647	7327	11040	13889	18013	19286	13770	11275	8182	5740	1990	2140	0	213	134	0	0	0	0	0	0	0	0	0	0	0	0	0	0	0
0	0	0	0	0	0	125	365	1062	2193	3241	5854	6879	7947	10321	11307	8891	7781	6453	4312	2840	1657	1124	815	314	164	66	17	0	0	0	0	0	0	0	0	0	0	0	0	0
0	0	0	0	0	0	43	2628	2703	5786	15002	18619	20167	21463	28996	19189	12615	16421	7383	2660	2466	1024	986	0	434	0	0	0	0	0	0	0	0	0	0	0	0	0	0	0	0
0	0	0	0	0	0	123	333	2346	5044	8586	12901	13108	15864	15249	14202	16107	16149	13988	10083	8079	3158	3381	1717	1107	489	356	118	155	0	136	0	0	0	0	0	0	0	0	0	0
0	0	0	0	0	0	19	434	2004	5922	11175	15086	19959	17496	17575	16384	16096	14610	11565	7213	5593	3124	1625	1188	528	136	0	0	0	0	0	0	0	0	0	0	0	0	0	0	0
#F1wtage
1.457	1.159	1.54	2.47	3.561	5.013	6.717	8.755	10.24	11.152	12.372	13.623	14.899	15.697	16.659	17.694	19.105	21.741	22.516	23.488	24.452	25.954	28.801	29.64	30.865	36.259	34.287	45.746
1.457	1.159	1.54	2.47	3.561	5.013	6.717	8.755	10.24	11.152	12.372	13.623	14.899	15.697	16.659	17.694	19.105	21.741	22.516	23.488	24.452	25.954	28.801	29.64	30.865	36.259	34.287	45.746
1.457	1.159	1.54	2.47	3.561	5.013	6.717	8.755	10.24	11.152	12.372	13.623	14.899	15.697	16.659	17.694	19.105	21.741	22.516	23.488	24.452	25.954	28.801	29.64	30.865	36.259	34.287	45.746
1.457	1.159	1.54	2.47	3.561	5.013	6.717	8.755	10.24	11.152	12.372	13.623	14.899	15.697	16.659	17.694	19.105	21.741	22.516	23.488	24.452	25.954	28.801	29.64	30.865	36.259	34.287	45.746
1.457	1.159	1.54	2.47	3.561	5.013	6.717	8.755	10.24	11.152	12.372	13.623	14.899	15.697	16.659	17.694	19.105	21.741	22.516	23.488	24.452	25.954	28.801	29.64	30.865	36.259	34.287	45.746
1.457	1.159	1.54	2.47	3.561	5.013	6.717	8.755	10.24	11.152	12.372	13.623	14.899	15.697	16.659	17.694	19.105	21.741	22.516	23.488	24.452	25.954	28.801	29.64	30.865	36.259	34.287	45.746
1.457	1.159	1.54	2.47	3.561	5.013	6.717	8.755	10.24	11.152	12.372	13.623	14.899	15.697	16.659	17.694	19.105	21.741	22.516	23.488	24.452	25.954	28.801	29.64	30.865	36.259	34.287	45.746
1.457	1.159	1.54	2.47	3.561	5.013	6.717	8.755	10.24	11.152	12.372	13.623	14.899	15.697	16.659	17.694	19.105	21.741	22.516	23.488	24.452	25.954	28.801	29.64	30.865	36.259	34.287	45.746
1.457	1.159	1.54	2.47	3.561	5.013	6.717	8.755	10.24	11.152	12.372	13.623	14.899	15.697	16.659	17.694	19.105	21.741	22.516	23.488	24.452	25.954	28.801	29.64	30.865	36.259	34.287	45.746
1.457	1.159	1.54	2.47	3.561	5.013	6.717	8.755	10.24	11.152	12.372	13.623	14.899	15.697	16.659	17.694	19.105	21.741	22.516	23.488	24.452	25.954	28.801	29.64	30.865	36.259	34.287	45.746
1.457	1.159	1.54	2.47	3.561	5.013	6.717	8.755	10.24	11.152	12.372	13.623	14.899	15.697	16.659	17.694	19.105	21.741	22.516	23.488	24.452	25.954	28.801	29.64	30.865	36.259	34.287	45.746
1.457	1.159	1.54	2.47	3.561	5.013	6.717	8.755	10.24	11.152	12.372	13.623	14.899	15.697	16.659	17.694	19.105	21.741	22.516	23.488	24.452	25.954	28.801	29.64	30.865	36.259	34.287	45.746
1.457	1.159	1.54	2.47	3.561	5.013	6.717	8.755	10.24	11.152	12.372	13.623	14.899	15.697	16.659	17.694	19.105	21.741	22.516	23.488	24.452	25.954	28.801	29.64	30.865	36.259	34.287	45.746
1.457	1.159	1.54	2.47	3.561	5.013	6.717	8.755	10.24	11.152	12.372	13.623	14.899	15.697	16.659	17.694	19.105	21.741	22.516	23.488	24.452	25.954	28.801	29.64	30.865	36.259	34.287	45.746
1.457	1.159	1.54	2.47	3.561	5.013	6.717	8.755	10.24	11.152	12.372	13.623	14.899	15.697	16.659	17.694	19.105	21.741	22.516	23.488	24.452	25.954	28.801	29.64	30.865	36.259	34.287	45.746
1.457	1.159	1.54	2.47	3.561	5.013	6.717	8.755	10.24	11.152	12.372	13.623	14.899	15.697	16.659	17.694	19.105	21.741	22.516	23.488	24.452	25.954	28.801	29.64	30.865	36.259	34.287	45.746
1.457	1.159	1.54	2.47	3.561	5.013	6.717	8.755	10.24	11.152	12.372	13.623	14.899	15.697	16.659	17.694	19.105	21.741	22.516	23.488	24.452	25.954	28.801	29.64	30.865	36.259	34.287	45.746
1.457	1.159	1.54	2.47	3.561	5.013	6.717	8.755	10.24	11.152	12.372	13.623	14.899	15.697	16.659	17.694	19.105	21.741	22.516	23.488	24.452	25.954	28.801	29.64	30.865	36.259	34.287	45.746
1.457	1.159	1.54	2.47	3.561	5.013	6.717	8.755	10.24	11.152	12.372	13.623	14.899	15.697	16.659	17.694	19.105	21.741	22.516	23.488	24.452	25.954	28.801	29.64	30.865	36.259	34.287	45.746
1.457	1.159	1.54	2.47	3.561	5.013	6.717	8.755	10.24	11.152	12.372	13.623	14.899	15.697	16.659	17.694	19.105	21.741	22.516	23.488	24.452	25.954	28.801	29.64	30.865	36.259	34.287	45.746
1.457	1.159	1.54	2.47	3.561	5.013	6.717	8.755	10.24	11.152	12.372	13.623	14.899	15.697	16.659	17.694	19.105	21.741	22.516	23.488	24.452	25.954	28.801	29.64	30.865	36.259	34.287	45.746
1.457	1.159	1.54	2.47	3.561	5.013	6.717	8.755	10.24	11.152	12.372	13.623	14.899	15.697	16.659	17.694	19.105	21.741	22.516	23.488	24.452	25.954	28.801	29.64	30.865	36.259	34.287	45.746
1.457	1.159	1.54	2.47	3.561	5.013	6.717	8.755	10.24	11.152	12.372	13.623	14.899	15.697	16.659	17.694	19.105	21.741	22.516	23.488	24.452	25.954	28.801	29.64	30.865	36.259	34.287	45.746
1.457	1.159	1.54	2.47	3.561	5.013	6.717	8.755	10.24	11.152	12.372	13.623	14.899	15.697	16.659	17.694	19.105	21.741	22.516	23.488	24.452	25.954	28.801	29.64	30.865	36.259	34.287	45.746
1.457	1.159	1.54	2.47	3.561	5.013	6.717	8.755	10.24	11.152	12.372	13.623	14.899	15.697	16.659	17.694	19.105	21.741	22.516	23.488	24.452	25.954	28.801	29.64	30.865	36.259	34.287	45.746
1.457	1.159	1.54	2.47	3.561	5.013	6.717	8.755	10.24	11.152	12.372	13.623	14.899	15.697	16.659	17.694	19.105	21.741	22.516	23.488	24.452	25.954	28.801	29.64	30.865	36.259	34.287	45.746
1.457	1.159	1.54	2.47	3.561	5.013	6.717	8.755	10.24	11.152	12.372	13.623	14.899	15.697	16.659	17.694	19.105	21.741	22.516	23.488	24.452	25.954	28.801	29.64	30.865	36.259	34.287	45.746
1.457	1.159	1.54	2.47	3.561	5.013	6.717	8.755	10.24	11.152	12.372	13.623	14.899	15.697	16.659	17.694	19.105	21.741	22.516	23.488	24.452	25.954	28.801	29.64	30.865	36.259	34.287	45.746
1.457	1.159	1.54	2.47	3.561	5.013	6.717	8.755	10.24	11.152	12.372	13.623	14.899	15.697	16.659	17.694	19.105	21.741	22.516	23.488	24.452	25.954	28.801	29.64	30.865	36.259	34.287	45.746
1.457	1.159	1.54	2.47	3.561	5.013	6.717	8.755	10.24	11.152	12.372	13.623	14.899	15.697	16.659	17.694	19.105	21.741	22.516	23.488	24.452	25.954	28.801	29.64	30.865	36.259	34.287	45.746
1.457	1.159	1.54	2.47	3.561	5.013	6.717	8.755	10.24	11.152	12.372	13.623	14.899	15.697	16.659	17.694	19.105	21.741	22.516	23.488	24.452	25.954	28.801	29.64	30.865	36.259	34.287	45.746
1.457	1.159	1.54	2.47	3.561	5.013	6.717	8.755	10.24	11.152	12.372	13.623	14.899	15.697	16.659	17.694	19.105	21.741	22.516	23.488	24.452	25.954	28.801	29.64	30.865	36.259	34.287	45.746
1.457	1.159	1.54	2.47	3.561	5.013	6.717	8.755	10.24	11.152	12.372	13.623	14.899	15.697	16.659	17.694	19.105	21.741	22.516	23.488	24.452	25.954	28.801	29.64	30.865	36.259	34.287	45.746
1.457	1.159	1.54	2.47	3.561	5.013	6.717	8.755	10.24	11.152	12.372	13.623	14.899	15.697	16.659	17.694	19.105	21.741	22.516	23.488	24.452	25.954	28.801	29.64	30.865	36.259	34.287	45.746
1.457	1.159	1.54	2.47	3.561	5.013	6.717	8.755	10.24	11.152	12.372	13.623	14.899	15.697	16.659	17.694	19.105	21.741	22.516	23.488	24.452	25.954	28.801	29.64	30.865	36.259	34.287	45.746
1.457	1.159	1.54	2.47	3.561	5.013	6.717	8.755	10.24	11.152	12.372	13.623	14.899	15.697	16.659	17.694	19.105	21.741	22.516	23.488	24.452	25.954	28.801	29.64	30.865	36.259	34.287	45.746
1.457	1.159	1.54	2.47	3.561	5.013	6.717	8.755	10.24	11.152	12.372	13.623	14.899	15.697	16.659	17.694	19.105	21.741	22.516	23.488	24.452	25.954	28.801	29.64	30.865	36.259	34.287	45.746
1.457	1.159	1.54	2.47	3.561	5.013	6.717	8.755	10.24	11.152	12.372	13.623	14.899	15.697	16.659	17.694	19.105	21.741	22.516	23.488	24.452	25.954	28.801	29.64	30.865	36.259	34.287	45.746
1.457	1.159	1.54	2.47	3.561	5.013	6.717	8.755	10.24	11.152	12.372	13.623	14.899	15.697	16.659	17.694	19.105	21.741	22.516	23.488	24.452	25.954	28.801	29.64	30.865	36.259	34.287	45.746
1.457	1.159	1.54	2.47	3.561	5.013	6.717	8.755	10.24	11.152	12.372	13.623	14.899	15.697	16.659	17.694	19.105	21.741	22.516	23.488	24.452	25.954	28.801	29.64	30.865	36.259	34.287	45.746
1.457	1.159	1.54	2.47	3.561	5.013	6.717	8.755	10.24	11.152	12.372	13.623	14.899	15.697	16.659	17.694	19.105	21.741	22.516	23.488	24.452	25.954	28.801	29.64	30.865	36.259	34.287	45.746
1.457	1.159	1.54	2.47	3.561	5.013	6.717	8.755	10.24	11.152	12.372	13.623	14.899	15.697	16.659	17.694	19.105	21.741	22.516	23.488	24.452	25.954	28.801	29.64	30.865	36.259	34.287	45.746
1.457	1.159	1.54	2.47	3.561	5.013	6.717	8.755	10.24	11.152	12.372	13.623	14.899	15.697	16.659	17.694	19.105	21.741	22.516	23.488	24.452	25.954	28.801	29.64	30.865	36.259	34.287	45.746
1.457	1.159	1.54	2.47	3.561	5.013	6.717	8.755	10.24	11.152	12.372	13.623	14.899	15.697	16.659	17.694	19.105	21.741	22.516	23.488	24.452	25.954	28.801	29.64	30.865	36.259	34.287	45.746
1.457	1.159	1.54	2.47	3.561	5.013	6.717	8.755	10.24	11.152	12.372	13.623	14.899	15.697	16.659	17.694	19.105	21.741	22.516	23.488	24.452	25.954	28.801	29.64	30.865	36.259	34.287	45.746
1.457	1.159	1.54	2.47	3.561	5.013	6.717	8.755	10.24	11.152	12.372	13.623	14.899	15.697	16.659	17.694	19.105	21.741	22.516	23.488	24.452	25.954	28.801	29.64	30.865	36.259	34.287	45.746
#F2wtage
1.457	1.159	1.54	2.47	3.561	5.013	6.717	8.755	10.24	11.152	12.372	13.623	14.899	15.697	16.659	17.694	19.105	21.741	22.516	23.488	24.452	25.954	28.801	29.64	30.865	36.259	34.287	45.746
1.457	1.159	1.54	2.47	3.561	5.013	6.717	8.755	10.24	11.152	12.372	13.623	14.899	15.697	16.659	17.694	19.105	21.741	22.516	23.488	24.452	25.954	28.801	29.64	30.865	36.259	34.287	45.746
1.457	1.159	1.54	2.47	3.561	5.013	6.717	8.755	10.24	11.152	12.372	13.623	14.899	15.697	16.659	17.694	19.105	21.741	22.516	23.488	24.452	25.954	28.801	29.64	30.865	36.259	34.287	45.746
1.457	1.159	1.54	2.47	3.561	5.013	6.717	8.755	10.24	11.152	12.372	13.623	14.899	15.697	16.659	17.694	19.105	21.741	22.516	23.488	24.452	25.954	28.801	29.64	30.865	36.259	34.287	45.746
1.457	1.159	1.54	2.47	3.561	5.013	6.717	8.755	10.24	11.152	12.372	13.623	14.899	15.697	16.659	17.694	19.105	21.741	22.516	23.488	24.452	25.954	28.801	29.64	30.865	36.259	34.287	45.746
1.457	1.159	1.54	2.47	3.561	5.013	6.717	8.755	10.24	11.152	12.372	13.623	14.899	15.697	16.659	17.694	19.105	21.741	22.516	23.488	24.452	25.954	28.801	29.64	30.865	36.259	34.287	45.746
1.457	1.159	1.54	2.47	3.561	5.013	6.717	8.755	10.24	11.152	12.372	13.623	14.899	15.697	16.659	17.694	19.105	21.741	22.516	23.488	24.452	25.954	28.801	29.64	30.865	36.259	34.287	45.746
1.457	1.159	1.54	2.47	3.561	5.013	6.717	8.755	10.24	11.152	12.372	13.623	14.899	15.697	16.659	17.694	19.105	21.741	22.516	23.488	24.452	25.954	28.801	29.64	30.865	36.259	34.287	45.746
1.457	1.159	1.54	2.47	3.561	5.013	6.717	8.755	10.24	11.152	12.372	13.623	14.899	15.697	16.659	17.694	19.105	21.741	22.516	23.488	24.452	25.954	28.801	29.64	30.865	36.259	34.287	45.746
1.457	1.159	1.54	2.47	3.561	5.013	6.717	8.755	10.24	11.152	12.372	13.623	14.899	15.697	16.659	17.694	19.105	21.741	22.516	23.488	24.452	25.954	28.801	29.64	30.865	36.259	34.287	45.746
1.457	1.159	1.54	2.47	3.561	5.013	6.717	8.755	10.24	11.152	12.372	13.623	14.899	15.697	16.659	17.694	19.105	21.741	22.516	23.488	24.452	25.954	28.801	29.64	30.865	36.259	34.287	45.746
1.457	1.159	1.54	2.47	3.561	5.013	6.717	8.755	10.24	11.152	12.372	13.623	14.899	15.697	16.659	17.694	19.105	21.741	22.516	23.488	24.452	25.954	28.801	29.64	30.865	36.259	34.287	45.746
1.457	1.159	1.54	2.47	3.561	5.013	6.717	8.755	10.24	11.152	12.372	13.623	14.899	15.697	16.659	17.694	19.105	21.741	22.516	23.488	24.452	25.954	28.801	29.64	30.865	36.259	34.287	45.746
1.457	1.159	1.54	2.47	3.561	5.013	6.717	8.755	10.24	11.152	12.372	13.623	14.899	15.697	16.659	17.694	19.105	21.741	22.516	23.488	24.452	25.954	28.801	29.64	30.865	36.259	34.287	45.746
1.457	1.159	1.54	2.47	3.561	5.013	6.717	8.755	10.24	11.152	12.372	13.623	14.899	15.697	16.659	17.694	19.105	21.741	22.516	23.488	24.452	25.954	28.801	29.64	30.865	36.259	34.287	45.746
1.457	1.159	1.54	2.47	3.561	5.013	6.717	8.755	10.24	11.152	12.372	13.623	14.899	15.697	16.659	17.694	19.105	21.741	22.516	23.488	24.452	25.954	28.801	29.64	30.865	36.259	34.287	45.746
1.457	1.159	1.54	2.47	3.561	5.013	6.717	8.755	10.24	11.152	12.372	13.623	14.899	15.697	16.659	17.694	19.105	21.741	22.516	23.488	24.452	25.954	28.801	29.64	30.865	36.259	34.287	45.746
1.457	1.159	1.54	2.47	3.561	5.013	6.717	8.755	10.24	11.152	12.372	13.623	14.899	15.697	16.659	17.694	19.105	21.741	22.516	23.488	24.452	25.954	28.801	29.64	30.865	36.259	34.287	45.746
1.457	1.159	1.54	2.47	3.561	5.013	6.717	8.755	10.24	11.152	12.372	13.623	14.899	15.697	16.659	17.694	19.105	21.741	22.516	23.488	24.452	25.954	28.801	29.64	30.865	36.259	34.287	45.746
1.457	1.159	1.54	2.47	3.561	5.013	6.717	8.755	10.24	11.152	12.372	13.623	14.899	15.697	16.659	17.694	19.105	21.741	22.516	23.488	24.452	25.954	28.801	29.64	30.865	36.259	34.287	45.746
1.457	1.159	1.54	2.47	3.561	5.013	6.717	8.755	10.24	11.152	12.372	13.623	14.899	15.697	16.659	17.694	19.105	21.741	22.516	23.488	24.452	25.954	28.801	29.64	30.865	36.259	34.287	45.746
1.457	1.159	1.54	2.47	3.561	5.013	6.717	8.755	10.24	11.152	12.372	13.623	14.899	15.697	16.659	17.694	19.105	21.741	22.516	23.488	24.452	25.954	28.801	29.64	30.865	36.259	34.287	45.746
1.457	1.159	1.54	2.47	3.561	5.013	6.717	8.755	10.24	11.152	12.372	13.623	14.899	15.697	16.659	17.694	19.105	21.741	22.516	23.488	24.452	25.954	28.801	29.64	30.865	36.259	34.287	45.746
1.457	1.159	1.54	2.47	3.561	5.013	6.717	8.755	10.24	11.152	12.372	13.623	14.899	15.697	16.659	17.694	19.105	21.741	22.516	23.488	24.452	25.954	28.801	29.64	30.865	36.259	34.287	45.746
1.457	1.159	1.54	2.47	3.561	5.013	6.717	8.755	10.24	11.152	12.372	13.623	14.899	15.697	16.659	17.694	19.105	21.741	22.516	23.488	24.452	25.954	28.801	29.64	30.865	36.259	34.287	45.746
1.457	1.159	1.54	2.47	3.561	5.013	6.717	8.755	10.24	11.152	12.372	13.623	14.899	15.697	16.659	17.694	19.105	21.741	22.516	23.488	24.452	25.954	28.801	29.64	30.865	36.259	34.287	45.746
1.457	1.159	1.54	2.47	3.561	5.013	6.717	8.755	10.24	11.152	12.372	13.623	14.899	15.697	16.659	17.694	19.105	21.741	22.516	23.488	24.452	25.954	28.801	29.64	30.865	36.259	34.287	45.746
1.457	1.159	1.54	2.47	3.561	5.013	6.717	8.755	10.24	11.152	12.372	13.623	14.899	15.697	16.659	17.694	19.105	21.741	22.516	23.488	24.452	25.954	28.801	29.64	30.865	36.259	34.287	45.746
1.457	1.159	1.54	2.47	3.561	5.013	6.717	8.755	10.24	11.152	12.372	13.623	14.899	15.697	16.659	17.694	19.105	21.741	22.516	23.488	24.452	25.954	28.801	29.64	30.865	36.259	34.287	45.746
1.457	1.159	1.54	2.47	3.561	5.013	6.717	8.755	10.24	11.152	12.372	13.623	14.899	15.697	16.659	17.694	19.105	21.741	22.516	23.488	24.452	25.954	28.801	29.64	30.865	36.259	34.287	45.746
1.457	1.159	1.54	2.47	3.561	5.013	6.717	8.755	10.24	11.152	12.372	13.623	14.899	15.697	16.659	17.694	19.105	21.741	22.516	23.488	24.452	25.954	28.801	29.64	30.865	36.259	34.287	45.746
1.457	1.159	1.54	2.47	3.561	5.013	6.717	8.755	10.24	11.152	12.372	13.623	14.899	15.697	16.659	17.694	19.105	21.741	22.516	23.488	24.452	25.954	28.801	29.64	30.865	36.259	34.287	45.746
1.457	1.159	1.54	2.47	3.561	5.013	6.717	8.755	10.24	11.152	12.372	13.623	14.899	15.697	16.659	17.694	19.105	21.741	22.516	23.488	24.452	25.954	28.801	29.64	30.865	36.259	34.287	45.746
1.457	1.159	1.54	2.47	3.561	5.013	6.717	8.755	10.24	11.152	12.372	13.623	14.899	15.697	16.659	17.694	19.105	21.741	22.516	23.488	24.452	25.954	28.801	29.64	30.865	36.259	34.287	45.746
1.457	1.159	1.54	2.47	3.561	5.013	6.717	8.755	10.24	11.152	12.372	13.623	14.899	15.697	16.659	17.694	19.105	21.741	22.516	23.488	24.452	25.954	28.801	29.64	30.865	36.259	34.287	45.746
1.457	1.159	1.54	2.47	3.561	5.013	6.717	8.755	10.24	11.152	12.372	13.623	14.899	15.697	16.659	17.694	19.105	21.741	22.516	23.488	24.452	25.954	28.801	29.64	30.865	36.259	34.287	45.746
1.457	1.159	1.54	2.47	3.561	5.013	6.717	8.755	10.24	11.152	12.372	13.623	14.899	15.697	16.659	17.694	19.105	21.741	22.516	23.488	24.452	25.954	28.801	29.64	30.865	36.259	34.287	45.746
1.457	1.159	1.54	2.47	3.561	5.013	6.717	8.755	10.24	11.152	12.372	13.623	14.899	15.697	16.659	17.694	19.105	21.741	22.516	23.488	24.452	25.954	28.801	29.64	30.865	36.259	34.287	45.746
1.457	1.159	1.54	2.47	3.561	5.013	6.717	8.755	10.24	11.152	12.372	13.623	14.899	15.697	16.659	17.694	19.105	21.741	22.516	23.488	24.452	25.954	28.801	29.64	30.865	36.259	34.287	45.746
1.457	1.159	1.54	2.47	3.561	5.013	6.717	8.755	10.24	11.152	12.372	13.623	14.899	15.697	16.659	17.694	19.105	21.741	22.516	23.488	24.452	25.954	28.801	29.64	30.865	36.259	34.287	45.746
1.457	1.159	1.54	2.47	3.561	5.013	6.717	8.755	10.24	11.152	12.372	13.623	14.899	15.697	16.659	17.694	19.105	21.741	22.516	23.488	24.452	25.954	28.801	29.64	30.865	36.259	34.287	45.746
1.457	1.159	1.54	2.47	3.561	5.013	6.717	8.755	10.24	11.152	12.372	13.623	14.899	15.697	16.659	17.694	19.105	21.741	22.516	23.488	24.452	25.954	28.801	29.64	30.865	36.259	34.287	45.746
1.457	1.159	1.54	2.47	3.561	5.013	6.717	8.755	10.24	11.152	12.372	13.623	14.899	15.697	16.659	17.694	19.105	21.741	22.516	23.488	24.452	25.954	28.801	29.64	30.865	36.259	34.287	45.746
1.457	1.159	1.54	2.47	3.561	5.013	6.717	8.755	10.24	11.152	12.372	13.623	14.899	15.697	16.659	17.694	19.105	21.741	22.516	23.488	24.452	25.954	28.801	29.64	30.865	36.259	34.287	45.746
1.457	1.159	1.54	2.47	3.561	5.013	6.717	8.755	10.24	11.152	12.372	13.623	14.899	15.697	16.659	17.694	19.105	21.741	22.516	23.488	24.452	25.954	28.801	29.64	30.865	36.259	34.287	45.746
1.457	1.159	1.54	2.47	3.561	5.013	6.717	8.755	10.24	11.152	12.372	13.623	14.899	15.697	16.659	17.694	19.105	21.741	22.516	23.488	24.452	25.954	28.801	29.64	30.865	36.259	34.287	45.746
#Inum
1
#INames
Ind
#NobsInd
32																														
#Indexyears																												
1992	1993	1994	1995	1996	1997	1998	1999	2000	2001	2002	2003	2004	2005	2006	2007	2008	2009	2010	2011	2012	2013	2014	2015	2016	2017	2018	2019	2020	2021	2022    2023
#MonthIndices																												
6																														
#Indexbiomasses																												
72	34	23	23	16	16	12	8	10	7	7	5	6	6	9	87	96	75	72	60	40	42	26	35	29	50	29	36	32	54	55	59
#Indexstd
14.4	6.8	4.6	4.6	3.2	3.2	2.4	1.6	2	1.4	1.4	1	1.2	1.2	1.8	17.4	19.2	15	14.4	12	8	8.4	5.2	7	5.8	10	5.8	7.2	6.4	10.8	11	11.8
#Niage
0
#Nilen
0
#idxwt
1.457	1.159	1.54	2.47	3.561	5.013	6.717	8.755	10.24	11.152	12.372	13.623	14.899	15.697	16.659	17.694	19.105	21.741	22.516	23.488	24.452	25.954	28.801	29.64	30.865	36.259	34.287	45.746
1.457	1.159	1.54	2.47	3.561	5.013	6.717	8.755	10.24	11.152	12.372	13.623	14.899	15.697	16.659	17.694	19.105	21.741	22.516	23.488	24.452	25.954	28.801	29.64	30.865	36.259	34.287	45.746
1.457	1.159	1.54	2.47	3.561	5.013	6.717	8.755	10.24	11.152	12.372	13.623	14.899	15.697	16.659	17.694	19.105	21.741	22.516	23.488	24.452	25.954	28.801	29.64	30.865	36.259	34.287	45.746
1.457	1.159	1.54	2.47	3.561	5.013	6.717	8.755	10.24	11.152	12.372	13.623	14.899	15.697	16.659	17.694	19.105	21.741	22.516	23.488	24.452	25.954	28.801	29.64	30.865	36.259	34.287	45.746
1.457	1.159	1.54	2.47	3.561	5.013	6.717	8.755	10.24	11.152	12.372	13.623	14.899	15.697	16.659	17.694	19.105	21.741	22.516	23.488	24.452	25.954	28.801	29.64	30.865	36.259	34.287	45.746
1.457	1.159	1.54	2.47	3.561	5.013	6.717	8.755	10.24	11.152	12.372	13.623	14.899	15.697	16.659	17.694	19.105	21.741	22.516	23.488	24.452	25.954	28.801	29.64	30.865	36.259	34.287	45.746
1.457	1.159	1.54	2.47	3.561	5.013	6.717	8.755	10.24	11.152	12.372	13.623	14.899	15.697	16.659	17.694	19.105	21.741	22.516	23.488	24.452	25.954	28.801	29.64	30.865	36.259	34.287	45.746
1.457	1.159	1.54	2.47	3.561	5.013	6.717	8.755	10.24	11.152	12.372	13.623	14.899	15.697	16.659	17.694	19.105	21.741	22.516	23.488	24.452	25.954	28.801	29.64	30.865	36.259	34.287	45.746
1.457	1.159	1.54	2.47	3.561	5.013	6.717	8.755	10.24	11.152	12.372	13.623	14.899	15.697	16.659	17.694	19.105	21.741	22.516	23.488	24.452	25.954	28.801	29.64	30.865	36.259	34.287	45.746
1.457	1.159	1.54	2.47	3.561	5.013	6.717	8.755	10.24	11.152	12.372	13.623	14.899	15.697	16.659	17.694	19.105	21.741	22.516	23.488	24.452	25.954	28.801	29.64	30.865	36.259	34.287	45.746
1.457	1.159	1.54	2.47	3.561	5.013	6.717	8.755	10.24	11.152	12.372	13.623	14.899	15.697	16.659	17.694	19.105	21.741	22.516	23.488	24.452	25.954	28.801	29.64	30.865	36.259	34.287	45.746
1.457	1.159	1.54	2.47	3.561	5.013	6.717	8.755	10.24	11.152	12.372	13.623	14.899	15.697	16.659	17.694	19.105	21.741	22.516	23.488	24.452	25.954	28.801	29.64	30.865	36.259	34.287	45.746
1.457	1.159	1.54	2.47	3.561	5.013	6.717	8.755	10.24	11.152	12.372	13.623	14.899	15.697	16.659	17.694	19.105	21.741	22.516	23.488	24.452	25.954	28.801	29.64	30.865	36.259	34.287	45.746
1.457	1.159	1.54	2.47	3.561	5.013	6.717	8.755	10.24	11.152	12.372	13.623	14.899	15.697	16.659	17.694	19.105	21.741	22.516	23.488	24.452	25.954	28.801	29.64	30.865	36.259	34.287	45.746
1.457	1.159	1.54	2.47	3.561	5.013	6.717	8.755	10.24	11.152	12.372	13.623	14.899	15.697	16.659	17.694	19.105	21.741	22.516	23.488	24.452	25.954	28.801	29.64	30.865	36.259	34.287	45.746
1.457	1.159	1.54	2.47	3.561	5.013	6.717	8.755	10.24	11.152	12.372	13.623	14.899	15.697	16.659	17.694	19.105	21.741	22.516	23.488	24.452	25.954	28.801	29.64	30.865	36.259	34.287	45.746
1.457	1.159	1.54	2.47	3.561	5.013	6.717	8.755	10.24	11.152	12.372	13.623	14.899	15.697	16.659	17.694	19.105	21.741	22.516	23.488	24.452	25.954	28.801	29.64	30.865	36.259	34.287	45.746
1.457	1.159	1.54	2.47	3.561	5.013	6.717	8.755	10.24	11.152	12.372	13.623	14.899	15.697	16.659	17.694	19.105	21.741	22.516	23.488	24.452	25.954	28.801	29.64	30.865	36.259	34.287	45.746
1.457	1.159	1.54	2.47	3.561	5.013	6.717	8.755	10.24	11.152	12.372	13.623	14.899	15.697	16.659	17.694	19.105	21.741	22.516	23.488	24.452	25.954	28.801	29.64	30.865	36.259	34.287	45.746
1.457	1.159	1.54	2.47	3.561	5.013	6.717	8.755	10.24	11.152	12.372	13.623	14.899	15.697	16.659	17.694	19.105	21.741	22.516	23.488	24.452	25.954	28.801	29.64	30.865	36.259	34.287	45.746
1.457	1.159	1.54	2.47	3.561	5.013	6.717	8.755	10.24	11.152	12.372	13.623	14.899	15.697	16.659	17.694	19.105	21.741	22.516	23.488	24.452	25.954	28.801	29.64	30.865	36.259	34.287	45.746
1.457	1.159	1.54	2.47	3.561	5.013	6.717	8.755	10.24	11.152	12.372	13.623	14.899	15.697	16.659	17.694	19.105	21.741	22.516	23.488	24.452	25.954	28.801	29.64	30.865	36.259	34.287	45.746
1.457	1.159	1.54	2.47	3.561	5.013	6.717	8.755	10.24	11.152	12.372	13.623	14.899	15.697	16.659	17.694	19.105	21.741	22.516	23.488	24.452	25.954	28.801	29.64	30.865	36.259	34.287	45.746
1.457	1.159	1.54	2.47	3.561	5.013	6.717	8.755	10.24	11.152	12.372	13.623	14.899	15.697	16.659	17.694	19.105	21.741	22.516	23.488	24.452	25.954	28.801	29.64	30.865	36.259	34.287	45.746
1.457	1.159	1.54	2.47	3.561	5.013	6.717	8.755	10.24	11.152	12.372	13.623	14.899	15.697	16.659	17.694	19.105	21.741	22.516	23.488	24.452	25.954	28.801	29.64	30.865	36.259	34.287	45.746
1.457	1.159	1.54	2.47	3.561	5.013	6.717	8.755	10.24	11.152	12.372	13.623	14.899	15.697	16.659	17.694	19.105	21.741	22.516	23.488	24.452	25.954	28.801	29.64	30.865	36.259	34.287	45.746
1.457	1.159	1.54	2.47	3.561	5.013	6.717	8.755	10.24	11.152	12.372	13.623	14.899	15.697	16.659	17.694	19.105	21.741	22.516	23.488	24.452	25.954	28.801	29.64	30.865	36.259	34.287	45.746
1.457	1.159	1.54	2.47	3.561	5.013	6.717	8.755	10.24	11.152	12.372	13.623	14.899	15.697	16.659	17.694	19.105	21.741	22.516	23.488	24.452	25.954	28.801	29.64	30.865	36.259	34.287	45.746
1.457	1.159	1.54	2.47	3.561	5.013	6.717	8.755	10.24	11.152	12.372	13.623	14.899	15.697	16.659	17.694	19.105	21.741	22.516	23.488	24.452	25.954	28.801	29.64	30.865	36.259	34.287	45.746
1.457	1.159	1.54	2.47	3.561	5.013	6.717	8.755	10.24	11.152	12.372	13.623	14.899	15.697	16.659	17.694	19.105	21.741	22.516	23.488	24.452	25.954	28.801	29.64	30.865	36.259	34.287	45.746
1.457	1.159	1.54	2.47	3.561	5.013	6.717	8.755	10.24	11.152	12.372	13.623	14.899	15.697	16.659	17.694	19.105	21.741	22.516	23.488	24.452	25.954	28.801	29.64	30.865	36.259	34.287	45.746
1.457	1.159	1.54	2.47	3.561	5.013	6.717	8.755	10.24	11.152	12.372	13.623	14.899	15.697	16.659	17.694	19.105	21.741	22.516	23.488	24.452	25.954	28.801	29.64	30.865	36.259	34.287	45.746
1.457	1.159	1.54	2.47	3.561	5.013	6.717	8.755	10.24	11.152	12.372	13.623	14.899	15.697	16.659	17.694	19.105	21.741	22.516	23.488	24.452	25.954	28.801	29.64	30.865	36.259	34.287	45.746
1.457	1.159	1.54	2.47	3.561	5.013	6.717	8.755	10.24	11.152	12.372	13.623	14.899	15.697	16.659	17.694	19.105	21.741	22.516	23.488	24.452	25.954	28.801	29.64	30.865	36.259	34.287	45.746
1.457	1.159	1.54	2.47	3.561	5.013	6.717	8.755	10.24	11.152	12.372	13.623	14.899	15.697	16.659	17.694	19.105	21.741	22.516	23.488	24.452	25.954	28.801	29.64	30.865	36.259	34.287	45.746
1.457	1.159	1.54	2.47	3.561	5.013	6.717	8.755	10.24	11.152	12.372	13.623	14.899	15.697	16.659	17.694	19.105	21.741	22.516	23.488	24.452	25.954	28.801	29.64	30.865	36.259	34.287	45.746
1.457	1.159	1.54	2.47	3.561	5.013	6.717	8.755	10.24	11.152	12.372	13.623	14.899	15.697	16.659	17.694	19.105	21.741	22.516	23.488	24.452	25.954	28.801	29.64	30.865	36.259	34.287	45.74
1.457	1.159	1.54	2.47	3.561	5.013	6.717	8.755	10.24	11.152	12.372	13.623	14.899	15.697	16.659	17.694	19.105	21.741	22.516	23.488	24.452	25.954	28.801	29.64	30.865	36.259	34.287	45.746
1.457	1.159	1.54	2.47	3.561	5.013	6.717	8.755	10.24	11.152	12.372	13.623	14.899	15.697	16.659	17.694	19.105	21.741	22.516	23.488	24.452	25.954	28.801	29.64	30.865	36.259	34.287	45.746
1.457	1.159	1.54	2.47	3.561	5.013	6.717	8.755	10.24	11.152	12.372	13.623	14.899	15.697	16.659	17.694	19.105	21.741	22.516	23.488	24.452	25.954	28.801	29.64	30.865	36.259	34.287	45.746
1.457	1.159	1.54	2.47	3.561	5.013	6.717	8.755	10.24	11.152	12.372	13.623	14.899	15.697	16.659	17.694	19.105	21.741	22.516	23.488	24.452	25.954	28.801	29.64	30.865	36.259	34.287	45.746
1.457	1.159	1.54	2.47	3.561	5.013	6.717	8.755	10.24	11.152	12.372	13.623	14.899	15.697	16.659	17.694	19.105	21.741	22.516	23.488	24.452	25.954	28.801	29.64	30.865	36.259	34.287	45.746
1.457	1.159	1.54	2.47	3.561	5.013	6.717	8.755	10.24	11.152	12.372	13.623	14.899	15.697	16.659	17.694	19.105	21.741	22.516	23.488	24.452	25.954	28.801	29.64	30.865	36.259	34.287	45.746
1.457	1.159	1.54	2.47	3.561	5.013	6.717	8.755	10.24	11.152	12.372	13.623	14.899	15.697	16.659	17.694	19.105	21.741	22.516	23.488	24.452	25.954	28.801	29.64	30.865	36.259	34.287	45.746
1.457	1.159	1.54	2.47	3.561	5.013	6.717	8.755	10.24	11.152	12.372	13.623	14.899	15.697	16.659	17.694	19.105	21.741	22.516	23.488	24.452	25.954	28.801	29.64	30.865	36.259	34.287	45.746
1.457	1.159	1.54	2.47	3.561	5.013	6.717	8.755	10.24	11.152	12.372	13.623	14.899	15.697	16.659	17.694	19.105	21.741	22.516	23.488	24.452	25.954	28.801	29.64	30.865	36.259	34.287	45.746
#spmo
8
#PAgeingerror
1	0	0	0	0	0	0	0	0	0	0	0	0	0	0	0	0	0	0	0	0	0	0	0	0	0	0	0
0	1	0	0	0	0	0	0	0	0	0	0	0	0	0	0	0	0	0	0	0	0	0	0	0	0	0	0
0	0	1	0	0	0	0	0	0	0	0	0	0	0	0	0	0	0	0	0	0	0	0	0	0	0	0	0
0	0	0	1	0	0	0	0	0	0	0	0	0	0	0	0	0	0	0	0	0	0	0	0	0	0	0	0
0	0	0	0	1	0	0	0	0	0	0	0	0	0	0	0	0	0	0	0	0	0	0	0	0	0	0	0
0	0	0	0	0	1	0	0	0	0	0	0	0	0	0	0	0	0	0	0	0	0	0	0	0	0	0	0
0	0	0	0	0	0	1	0	0	0	0	0	0	0	0	0	0	0	0	0	0	0	0	0	0	0	0	0
0	0	0	0	0	0	0	1	0	0	0	0	0	0	0	0	0	0	0	0	0	0	0	0	0	0	0	0
0	0	0	0	0	0	0	0	1	0	0	0	0	0	0	0	0	0	0	0	0	0	0	0	0	0	0	0
0	0	0	0	0	0	0	0	0	1	0	0	0	0	0	0	0	0	0	0	0	0	0	0	0	0	0	0
0	0	0	0	0	0	0	0	0	0	1	0	0	0	0	0	0	0	0	0	0	0	0	0	0	0	0	0
0	0	0	0	0	0	0	0	0	0	0	1	0	0	0	0	0	0	0	0	0	0	0	0	0	0	0	0
0	0	0	0	0	0	0	0	0	0	0	0	1	0	0	0	0	0	0	0	0	0	0	0	0	0	0	0
0	0	0	0	0	0	0	0	0	0	0	0	0	1	0	0	0	0	0	0	0	0	0	0	0	0	0	0
0	0	0	0	0	0	0	0	0	0	0	0	0	0	1	0	0	0	0	0	0	0	0	0	0	0	0	0
0	0	0	0	0	0	0	0	0	0	0	0	0	0	0	1	0	0	0	0	0	0	0	0	0	0	0	0
0	0	0	0	0	0	0	0	0	0	0	0	0	0	0	0	1	0	0	0	0	0	0	0	0	0	0	0
0	0	0	0	0	0	0	0	0	0	0	0	0	0	0	0	0	1	0	0	0	0	0	0	0	0	0	0
0	0	0	0	0	0	0	0	0	0	0	0	0	0	0	0	0	0	1	0	0	0	0	0	0	0	0	0
0	0	0	0	0	0	0	0	0	0	0	0	0	0	0	0	0	0	0	1	0	0	0	0	0	0	0	0
0	0	0	0	0	0	0	0	0	0	0	0	0	0	0	0	0	0	0	0	1	0	0	0	0	0	0	0
0	0	0	0	0	0	0	0	0	0	0	0	0	0	0	0	0	0	0	0	0	1	0	0	0	0	0	0
0	0	0	0	0	0	0	0	0	0	0	0	0	0	0	0	0	0	0	0	0	0	1	0	0	0	0	0
0	0	0	0	0	0	0	0	0	0	0	0	0	0	0	0	0	0	0	0	0	0	0	1	0	0	0	0
0	0	0	0	0	0	0	0	0	0	0	0	0	0	0	0	0	0	0	0	0	0	0	0	1	0	0	0
0	0	0	0	0	0	0	0	0	0	0	0	0	0	0	0	0	0	0	0	0	0	0	0	0	1	0	0
0	0	0	0	0	0	0	0	0	0	0	0	0	0	0	0	0	0	0	0	0	0	0	0	0	0	1	0
0	0	0	0	0	0	0	0	0	0	0	0	0	0	0	0	0	0	0	0	0	0	0	0	0	0	0	1
