#styr
1940
#endyr
2023
#rec_age
2
#n_ages
13
#nbins 
46
#lengthbin
8.5	10.5	12.5	14.5	16.5	18.5	20.5	22.5	24.5	26.5	28.5	30.5	32.5	34.5	36.5	38.5	40.5	42.5	44.5	46.5	48.5	50.5	52.5	54.5	56.5	58.5	60.5	62.5	64.5	66.5	68.5	70.5	72.5	74.5	76.5	78.5	80.5	82.5	84.5	86.5	88.5	90.5	92.5	94.5	96.5	98.5
#Fnum 
3
#Fnames 
Arr%Esp%Enm
#Fcaton 
6.53	7.62	8.06	9.8	7.4	9.8	13.41	19.4	20.7	27.73	29.26	37.86	56.97	52.18	49.59	83.07	69.13	71.95	66.83	68.79	71.14	67.62	84.19	91.77	65.75	95.46	84.94	72.38	123.55	80.97	83.88	60.75	63.72	42.89	38.1	27.89	25.1	32.51	29.13	27.59	28.98	27.87	20.22	20.14	26.01	23.41	24.42	26.12	46.68	41.61	51.03	62.24	62.84	88.93	91.14	92.8	88.81	104.55	116.2	107.26	113.74	105.84	108.76	108.14	80.44	53.49	52.68	45.14	41.86	36.2	39.08	31.82	30.8	29.11	13.28	12.77	15.14	15.17	15.71	18.52	20.6	21.06	24.13	22.86
0.74	0.86	0.91	1.11	0.84	1.11	1.52	2.19	2.34	3.14	3.31	4.28	6.45	5.9	5.61	9.4	7.82	8.14	7.56	7.78	6.65	6.32	7.87	8.58	6.15	8.92	7.94	6.77	5.79	4.02	3.7	4.43	2.67	3.04	4.53	3.83	3.82	3.41	4.14	3.85	8.34	12.55	13.93	12.56	17.66	13.51	14.31	13.65	13.84	15.07	14.53	16.08	12.61	13.03	15.79	18.31	24.93	14.83	15.58	24.2	28.18	29.17	38.11	24.57	4.38	1.7	1.87	2.46	2.24	1.49	0.21	0.32	0.54	0.98	0.84	0.89	1.21	3.15	3.38	4.22	1.3	0.45	0.27	0.26
0.12	0.14	0.15	0.18	0.13	0.18	0.24	0.35	0.38	0.5	0.53	0.69	1.03	0.94	0.9	1.5	1.25	1.3	1.21	1.25	1.25	1.19	1.48	1.62	1.16	1.68	1.5	1.28	1.09	0.76	0.7	0.83	0.5	0.57	0.85	0.72	0.72	0.64	0.88	0.37	2.58	2.39	2.19	1.29	1.63	1.3	2.88	3	5.72	6.75	2.88	4.11	4.03	4.48	4.91	7.83	2.75	2.07	2.49	5.63	5.68	9.01	22.39	30.09	16.47	5.7	4.91	9.45	16.64	28.75	21.66	25.65	22.71	23	17.42	23.45	20.6	22.9	28.04	24.98	27.29	25.86	16.8	17.00
#Fcatonerr 
0.05	0.05	0.05	0.05	0.05	0.05	0.05	0.05	0.05	0.05	0.05	0.05	0.05	0.05	0.05	0.05	0.05	0.05	0.05	0.05	0.05	0.05	0.05	0.05	0.05	0.05	0.05	0.05	0.05	0.05	0.05	0.05	0.05	0.05	0.05	0.05	0.05	0.05	0.05	0.05	0.05	0.05	0.05	0.05	0.05	0.05	0.05	0.05	0.05	0.05	0.05	0.05	0.05	0.05	0.05	0.05	0.05	0.05	0.05	0.05	0.05	0.05	0.05	0.05	0.05	0.05	0.05	0.05	0.05	0.05	0.05	0.05	0.05	0.05	0.05	0.05	0.05	0.05	0.05	0.05	0.05	0.05	0.05	0.05
0.05	0.05	0.05	0.05	0.05	0.05	0.05	0.05	0.05	0.05	0.05	0.05	0.05	0.05	0.05	0.05	0.05	0.05	0.05	0.05	0.05	0.05	0.05	0.05	0.05	0.05	0.05	0.05	0.05	0.05	0.05	0.05	0.05	0.05	0.05	0.05	0.05	0.05	0.05	0.05	0.05	0.05	0.05	0.05	0.05	0.05	0.05	0.05	0.05	0.05	0.05	0.05	0.05	0.05	0.05	0.05	0.05	0.05	0.05	0.05	0.05	0.05	0.05	0.05	0.05	0.05	0.05	0.05	0.05	0.05	0.05	0.05	0.05	0.05	0.05	0.05	0.05	0.05	0.05	0.05	0.05	0.05	0.05	0.05
0.05	0.05	0.05	0.05	0.05	0.05	0.05	0.05	0.05	0.05	0.05	0.05	0.05	0.05	0.05	0.05	0.05	0.05	0.05	0.05	0.05	0.05	0.05	0.05	0.05	0.05	0.05	0.05	0.05	0.05	0.05	0.05	0.05	0.05	0.05	0.05	0.05	0.05	0.05	0.05	0.05	0.05	0.05	0.05	0.05	0.05	0.05	0.05	0.05	0.05	0.05	0.05	0.05	0.05	0.05	0.05	0.05	0.05	0.05	0.05	0.05	0.05	0.05	0.05	0.05	0.05	0.05	0.05	0.05	0.05	0.05	0.05	0.05	0.05	0.05	0.05	0.05	0.05	0.05	0.05	0.05	0.05	0.05	0.05
#FnumyearsA 
56
17 
22 
#FnumyearsL 
0 
0 
0
#Fageyears
1968	1969	1970	1971	1972	1973	1974	1975	1976	1977	1978	1979	1980	1981	1982	1983	1984	1985	1986	1987	1988	1989	1990	1991	1992	1993	1994	1995	1996	1997	1998	1999	2000	2001	2002	2003	2004	2005	2006	2007	2008	2009	2010	2011	2012	2013	2014	2015	2016	2017	2018	2019	2020	2021	2022	2023
1998	1999	2000	2001	2002	2003	2004	2005	2006	2007	2008	2009	2010	2011	2012	2013	2014
2002	2003	2004	2005	2006	2007	2008	2009	2010	2011	2012	2013	2014	2015	2016	2017	2018	2019	2020	2021	2022	2023
#Fagesample
80	80	80	80	80	80	80	80	80	80	80	80	80	80	80	80	80	80	80	80	80	80	80	80	80	80	80	80	80	80	80	80	80	80	80	80	80	80	80	80	80	80	80	80	80	80	80	80	80	80	80	80	80	80	80	80
40	40	40	40	40	40	40	40	40	40	40	40	40	40	40	40	40
60	60	60	60	60	60	60	60	60	60	60	60	60	60	60	60	60	60	60	60	60	60
#Fagecomp 
1481	4460	5895	4790	2961	1314	530	207	77	8	3	3
1648	4652	5368	3089	1600	710	323	148	62	11	2	3
1561	4485	5620	3748	1790	671	276	115	44	8	2	2
1198	2653	3845	2927	1425	523	193	74	28	4	1	0
1124	2095	2244	1730	988	384	144	57	23	4	1	1
289	660	884	897	865	523	185	63	22	7	5	0
646	1117	824	1083	1083	797	316	114	32	17	4	2
601	852	1117	777	841	642	416	176	52	16	7	2
478	406	778	777	623	684	416	167	61	34	6	2
261	815	891	974	1045	855	538	255	96	42	13	4
400	548	1110	964	874	865	433	219	62	25	14	1
298	1054	966	949	831	752	429	231	111	38	26	16
178	331	465	613	794	841	678	487	291	122	54	18
109	510	585	385	528	579	835	562	263	143	51	43
352	338	619	514	620	490	309	131	51	23	17	13
44	293	618	630	530	521	324	216	118	45	24	16
51	341	721	735	619	608	378	253	137	53	28	18
112	342	550	763	665	399	319	254	139	50	18	16
67	290	450	554	561	468	352	327	229	92	25	18
28	182	517	876	806	490	299	242	132	70	23	20
36	185	474	928	1028	718	463	403	251	149	52	57
12	237	592	1106	771	714	644	404	254	144	107	99
99	401	757	1098	1782	1030	584	361	147	98	71	86
130	805	1417	1397	1273	1181	796	494	288	183	69	96
59	323	847	1084	1107	1045	1001	747	399	275	107	81
680	1350	1422	1237	767	790	764	554	364	222	129	93
490	1532	5146	3000	1060	266	164	96	87	43	32	59
131	871	4203	4651	776	265	121	60	36	24	25	38
70	654	1760	3064	2083	1237	549	227	116	73	38	88
398	1496	2352	3074	2747	1487	413	155	74	25	21	44
408	2531	2413	1663	1738	1645	1014	377	176	51	49	62
318	440	1180	1772	1633	1514	1663	1021	609	262	115	130
70	1107	1151	1291	1419	1396	1466	1419	732	292	188	186
45	820	3211	1891	1115	1229	1203	1192	902	549	293	455
10	364	2096	3284	1755	1207	930	959	649	666	407	435
74	469	3228	5204	2567	1269	891	721	527	215	190	81
1373	2973	2092	2349	1254	754	460	281	211	160	62	39
1714	7818	2787	701	256	155	148	78	60	45	18	27
1149	3302	4135	1826	687	292	137	59	30	28	33	78
836	5479	4401	907	282	124	88	57	35	18	24	30
971	3085	4251	1370	322	93	96	68	34	20	15	84
924	3417	3516	840	307	62	104	49	59	29	21	34
952	4184	3717	1315	409	118	97	42	26	10	14	33
1320	2817	2788	971	306	106	76	34	14	13	11	18
1699	2870	1622	625	303	113	61	30	22	12	8	24
2192	3421	1464	392	175	55	45	18	15	12	10	17
991	1266	564	214	77	24	13	14	4	6	3	13
503	1513	1017	296	94	32	12	5	3	3	3	4
885	1322	857	416	175	54	27	26	14	10	6	13
302	2089	840	285	121	48	36	31	14	10	11	13
598	955	1285	381	129	51	38	35	20	16	10	24
283	1013	1071	785	318	107	82	42	28	16	11	15
163	1193	1185	703	334	123	68	56	26	26	21	28
226	724	1490	760	325	136	71	48	33	14	11	29
768	1081	1404	941	378	131	130	80	24	13	17	15
734	1795	1220	688	413	194	146	46	36	8	17	28
#Fagecomp2
15	129	232	217	203	159	103	40	21	6	7	37
6	36	239	372	329	316	332	243	140	69	29	69
9	107	174	329	372	354	345	303	163	79	47	83
8	230	1070	793	566	513	419	354	218	108	47	99
4	100	456	626	354	246	176	165	98	93	50	84
9	56	552	654	287	156	127	99	78	30	27	27
7	77	158	252	163	89	53	39	24	24	11	9
3	109	91	62	36	21	16	8	4	4	1	2
1	54	161	67	13	3	1	1	0	1	1	1
41	249	97	13	2	1	0	0	0	0	0	1
28	207	221	38	6	1	1	1	0	0	0	0
19	104	90	14	4	0	1	0	0	0	0	0
3	22	15	3	1	0	0	0	0	0	0	0
6	22	17	6	2	1	1	0	0	0	0	0
27	48	16	5	3	1	1	0	0	0	0	1
50	75	26	6	2	0	0	0	0	0	0	0
38	53	18	7	3	1	0	0	0	0	0	0
#Fagecomp3
0	3	95	322	240	186	137	133	78	66	33	38
0	7	239	677	438	243	183	140	101	44	38	15
6	24	74	271	249	160	99	64	38	32	10	6
5	43	69	90	59	44	38	18	10	9	3	4
3	39	134	146	51	20	12	6	2	7	5	6
53	351	309	96	43	28	11	7	4	3	2	5
246	1193	1205	454	107	24	22	17	4	3	3	13
192	1253	1569	362	104	20	33	14	10	6	4	7
235	1838	1590	427	110	36	26	13	10	5	4	19
328	1506	1961	759	217	55	40	17	8	6	5	17
712	2175	1066	289	102	31	16	5	8	5	3	15
978	1925	828	181	61	13	11	5	4	4	4	17
263	1009	575	212	58	13	4	3	2	1	1	7
285	1118	606	140	29	12	5	2	2	4	2	8
302	866	513	169	49	12	6	6	4	2	3	13
130	1255	468	109	31	12	8	6	3	3	5	14
318	1104	1003	141	29	11	9	8	7	5	4	16
167	829	618	194	50	13	9	7	6	5	4	14
250	1477	486	115	37	12	8	9	6	5	4	20
170	831	892	215	49	15	8	7	5	2	3	15
243	775	713	298	75	16	15	10	4	2	4	10
854	1192	343	85	39	13	10	3	3	1	3	8
#Wm_arr
0.194	0.295	0.402	0.510	0.610	0.706	0.804	0.919	1.049	1.206	1.375	1.753
0.194	0.295	0.402	0.510	0.610	0.706	0.804	0.919	1.049	1.206	1.375	1.753
0.194	0.295	0.402	0.510	0.610	0.706	0.804	0.919	1.049	1.206	1.375	1.753
0.194	0.295	0.402	0.510	0.610	0.706	0.804	0.919	1.049	1.206	1.375	1.753
0.194	0.295	0.402	0.510	0.610	0.706	0.804	0.919	1.049	1.206	1.375	1.753
0.194	0.295	0.402	0.510	0.610	0.706	0.804	0.919	1.049	1.206	1.375	1.753
0.194	0.295	0.402	0.510	0.610	0.706	0.804	0.919	1.049	1.206	1.375	1.753
0.194	0.295	0.402	0.510	0.610	0.706	0.804	0.919	1.049	1.206	1.375	1.753
0.194	0.295	0.402	0.510	0.610	0.706	0.804	0.919	1.049	1.206	1.375	1.753
0.194	0.295	0.402	0.510	0.610	0.706	0.804	0.919	1.049	1.206	1.375	1.753
0.194	0.295	0.402	0.510	0.610	0.706	0.804	0.919	1.049	1.206	1.375	1.753
0.194	0.295	0.402	0.510	0.610	0.706	0.804	0.919	1.049	1.206	1.375	1.753
0.194	0.295	0.402	0.510	0.610	0.706	0.804	0.919	1.049	1.206	1.375	1.753
0.194	0.295	0.402	0.510	0.610	0.706	0.804	0.919	1.049	1.206	1.375	1.753
0.194	0.295	0.402	0.510	0.610	0.706	0.804	0.919	1.049	1.206	1.375	1.753
0.194	0.295	0.402	0.510	0.610	0.706	0.804	0.919	1.049	1.206	1.375	1.753
0.194	0.295	0.402	0.510	0.610	0.706	0.804	0.919	1.049	1.206	1.375	1.753
0.194	0.295	0.402	0.510	0.610	0.706	0.804	0.919	1.049	1.206	1.375	1.753
0.194	0.295	0.402	0.510	0.610	0.706	0.804	0.919	1.049	1.206	1.375	1.753
0.194	0.295	0.402	0.510	0.610	0.706	0.804	0.919	1.049	1.206	1.375	1.753
0.194	0.295	0.402	0.510	0.610	0.706	0.804	0.919	1.049	1.206	1.375	1.753
0.194	0.295	0.402	0.510	0.610	0.706	0.804	0.919	1.049	1.206	1.375	1.753
0.194	0.295	0.402	0.510	0.610	0.706	0.804	0.919	1.049	1.206	1.375	1.753
0.194	0.295	0.402	0.510	0.610	0.706	0.804	0.919	1.049	1.206	1.375	1.753
0.194	0.295	0.402	0.510	0.610	0.706	0.804	0.919	1.049	1.206	1.375	1.753
0.194	0.295	0.402	0.510	0.610	0.706	0.804	0.919	1.049	1.206	1.375	1.753
0.194	0.295	0.402	0.510	0.610	0.706	0.804	0.919	1.049	1.206	1.375	1.753
0.194	0.295	0.402	0.510	0.610	0.706	0.804	0.919	1.049	1.206	1.375	1.753
0.178	0.279	0.399	0.536	0.661	0.773	0.917	1.023	1.147	1.469	1.857	1.977
0.169	0.276	0.374	0.508	0.653	0.776	0.942	1.075	1.199	1.593	1.876	2.111
0.174	0.277	0.391	0.511	0.636	0.767	0.961	1.078	1.237	1.441	1.875	1.937
0.150	0.279	0.408	0.513	0.635	0.751	0.923	1.044	1.214	1.422	1.828	1.712
0.147	0.245	0.373	0.498	0.609	0.712	0.883	1.018	1.208	1.393	1.791	1.969
0.153	0.260	0.398	0.495	0.599	0.688	0.817	1.018	1.271	1.564	1.697	2.361
0.159	0.223	0.372	0.500	0.603	0.675	0.801	0.945	1.192	1.526	1.593	1.895
0.126	0.314	0.390	0.519	0.604	0.702	0.825	0.976	1.158	1.450	1.516	2.002
0.146	0.266	0.445	0.518	0.611	0.683	0.787	0.906	1.101	1.354	1.730	1.837
0.172	0.303	0.400	0.523	0.608	0.678	0.797	0.928	1.123	1.358	1.570	1.691
0.152	0.270	0.399	0.489	0.586	0.684	0.808	0.928	1.098	1.242	1.566	2.404
0.152	0.276	0.377	0.461	0.544	0.617	0.712	0.812	0.938	1.105	1.514	1.551
0.153	0.223	0.322	0.396	0.490	0.562	0.649	0.742	0.865	1.012	1.217	1.414
0.159	0.243	0.314	0.425	0.497	0.581	0.662	0.721	0.839	0.961	1.131	1.508
0.159	0.278	0.398	0.498	0.592	0.662	0.745	0.876	1.076	1.301	1.651	2.378
0.201	0.277	0.363	0.448	0.529	0.620	0.703	0.820	0.988	1.219	1.374	1.747
0.226	0.309	0.402	0.493	0.581	0.680	0.771	0.901	1.083	1.331	1.498	1.895
0.192	0.286	0.404	0.509	0.590	0.676	0.764	0.849	0.979	1.229	1.491	2.028
0.239	0.307	0.413	0.502	0.581	0.654	0.724	0.838	0.942	1.053	1.357	1.739
0.244	0.344	0.432	0.508	0.584	0.677	0.768	0.862	0.979	1.123	1.376	1.956
0.242	0.323	0.428	0.524	0.597	0.686	0.786	0.890	1.003	1.148	1.436	2.080
0.236	0.369	0.487	0.594	0.678	0.742	0.787	0.851	0.927	1.024	1.165	1.528
0.217	0.321	0.426	0.557	0.665	0.753	0.834	0.950	1.069	1.185	1.361	1.874
0.234	0.304	0.436	0.565	0.665	0.764	0.868	0.953	1.042	1.142	1.383	1.922
0.268	0.357	0.460	0.563	0.659	0.742	0.826	0.898	1.009	1.160	1.359	1.517
0.203	0.280	0.399	0.504	0.607	0.729	0.803	0.925	1.077	1.209	1.439	1.676
0.215	0.352	0.443	0.519	0.579	0.727	0.803	1.016	1.043	1.347	1.456	1.835
0.221	0.369	0.448	0.511	0.621	0.714	0.871	0.971	1.179	1.340	1.317	1.923
0.202	0.366	0.487	0.601	0.694	0.769	0.834	0.960	1.036	1.088	1.430	2.145
0.211	0.311	0.448	0.556	0.646	0.728	0.835	0.952	1.032	1.283	1.520	1.984
0.262	0.344	0.438	0.572	0.649	0.724	0.789	0.908	1.005	1.174	1.185	1.679
0.225	0.328	0.508	0.605	0.681	0.750	0.795	0.877	0.912	1.002	1.133	1.449
0.245	0.384	0.499	0.657	0.743	0.820	0.876	0.945	1.010	1.100	1.178	1.516
0.135	0.350	0.477	0.577	0.675	0.763	0.830	0.896	0.956	1.048	1.133	1.385
0.227	0.331	0.450	0.553	0.625	0.693	0.787	0.826	0.913	0.946	1.020	1.280
0.149	0.297	0.428	0.523	0.607	0.690	0.746	0.846	0.880	0.952	0.967	1.091
0.183	0.280	0.394	0.522	0.626	0.686	0.786	0.842	0.932	0.985	1.047	1.326
0.184	0.254	0.331	0.495	0.615	0.704	0.815	0.960	1.045	1.111	1.225	2.101
0.145	0.236	0.338	0.461	0.596	0.706	0.811	0.871	1.164	1.116	1.338	1.704
0.179	0.260	0.339	0.437	0.572	0.669	0.771	0.921	0.993	1.201	1.252	1.709
0.155	0.238	0.332	0.443	0.586	0.718	0.785	0.876	0.981	1.080	1.160	1.600
0.196	0.274	0.356	0.490	0.626	0.670	0.773	0.979	1.018	1.158	1.258	1.566
0.179	0.269	0.332	0.421	0.534	0.692	0.729	0.926	1.118	1.224	1.327	1.648
0.183	0.268	0.347	0.455	0.559	0.693	0.786	0.925	0.994	1.104	1.275	1.657
0.204	0.288	0.366	0.472	0.572	0.707	0.816	0.951	1.043	1.274	1.305	1.465
0.209	0.259	0.337	0.457	0.568	0.684	0.826	0.955	1.005	1.160	1.240	1.552
0.204	0.278	0.378	0.488	0.637	0.757	0.808	0.970	1.156	1.189	1.246	1.662
0.225	0.291	0.366	0.465	0.547	0.695	0.792	0.861	1.029	1.205	1.152	1.692
0.205	0.280	0.374	0.479	0.604	0.738	0.845	0.941	1.155	1.132	1.292	1.659
0.212	0.288	0.388	0.494	0.631	0.720	0.830	0.934	1.023	1.211	1.189	1.557
0.205	0.302	0.393	0.503	0.615	0.719	0.742	0.877	1.135	1.109	1.164	1.682
0.234	0.329	0.428	0.542	0.632	0.727	0.834	0.947	1.033	1.290	1.244	1.678
0.254	0.343	0.461	0.550	0.649	0.736	0.845	0.957	1.067	1.098	1.149	1.649
0.251	0.342	0.449	0.546	0.630	0.727	0.805	0.891	0.987	1.089	1.307	1.780
0.242	0.347	0.463	0.559	0.654	0.737	0.787	0.954	0.964	0.999	1.238	1.908
0.250	0.312	0.430	0.548	0.650	0.717	0.819	0.950	1.011	1.296	1.244	1.688
#Wm_esp
0.229	0.310	0.413	0.527	0.628	0.730	0.800	0.921	1.010	1.113	1.228	1.649
0.229	0.310	0.413	0.527	0.628	0.730	0.800	0.921	1.010	1.113	1.228	1.649
0.229	0.310	0.413	0.527	0.628	0.730	0.800	0.921	1.010	1.113	1.228	1.649
0.229	0.310	0.413	0.527	0.628	0.730	0.800	0.921	1.010	1.113	1.228	1.649
0.229	0.310	0.413	0.527	0.628	0.730	0.800	0.921	1.010	1.113	1.228	1.649
0.229	0.310	0.413	0.527	0.628	0.730	0.800	0.921	1.010	1.113	1.228	1.649
0.229	0.310	0.413	0.527	0.628	0.730	0.800	0.921	1.010	1.113	1.228	1.649
0.229	0.310	0.413	0.527	0.628	0.730	0.800	0.921	1.010	1.113	1.228	1.649
0.229	0.310	0.413	0.527	0.628	0.730	0.800	0.921	1.010	1.113	1.228	1.649
0.229	0.310	0.413	0.527	0.628	0.730	0.800	0.921	1.010	1.113	1.228	1.649
0.229	0.310	0.413	0.527	0.628	0.730	0.800	0.921	1.010	1.113	1.228	1.649
0.229	0.310	0.413	0.527	0.628	0.730	0.800	0.921	1.010	1.113	1.228	1.649
0.229	0.310	0.413	0.527	0.628	0.730	0.800	0.921	1.010	1.113	1.228	1.649
0.229	0.310	0.413	0.527	0.628	0.730	0.800	0.921	1.010	1.113	1.228	1.649
0.229	0.310	0.413	0.527	0.628	0.730	0.800	0.921	1.010	1.113	1.228	1.649
0.229	0.310	0.413	0.527	0.628	0.730	0.800	0.921	1.010	1.113	1.228	1.649
0.229	0.310	0.413	0.527	0.628	0.730	0.800	0.921	1.010	1.113	1.228	1.649
0.229	0.310	0.413	0.527	0.628	0.730	0.800	0.921	1.010	1.113	1.228	1.649
0.229	0.310	0.413	0.527	0.628	0.730	0.800	0.921	1.010	1.113	1.228	1.649
0.229	0.310	0.413	0.527	0.628	0.730	0.800	0.921	1.010	1.113	1.228	1.649
0.229	0.310	0.413	0.527	0.628	0.730	0.800	0.921	1.010	1.113	1.228	1.649
0.229	0.310	0.413	0.527	0.628	0.730	0.800	0.921	1.010	1.113	1.228	1.649
0.229	0.310	0.413	0.527	0.628	0.730	0.800	0.921	1.010	1.113	1.228	1.649
0.229	0.310	0.413	0.527	0.628	0.730	0.800	0.921	1.010	1.113	1.228	1.649
0.229	0.310	0.413	0.527	0.628	0.730	0.800	0.921	1.010	1.113	1.228	1.649
0.229	0.310	0.413	0.527	0.628	0.730	0.800	0.921	1.010	1.113	1.228	1.649
0.229	0.310	0.413	0.527	0.628	0.730	0.800	0.921	1.010	1.113	1.228	1.649
0.229	0.310	0.413	0.527	0.628	0.730	0.800	0.921	1.010	1.113	1.228	1.649
0.229	0.310	0.413	0.527	0.628	0.730	0.800	0.921	1.010	1.113	1.228	1.649
0.229	0.310	0.413	0.527	0.628	0.730	0.800	0.921	1.010	1.113	1.228	1.649
0.229	0.310	0.413	0.527	0.628	0.730	0.800	0.921	1.010	1.113	1.228	1.649
0.229	0.310	0.413	0.527	0.628	0.730	0.800	0.921	1.010	1.113	1.228	1.649
0.229	0.310	0.413	0.527	0.628	0.730	0.800	0.921	1.010	1.113	1.228	1.649
0.229	0.310	0.413	0.527	0.628	0.730	0.800	0.921	1.010	1.113	1.228	1.649
0.229	0.310	0.413	0.527	0.628	0.730	0.800	0.921	1.010	1.113	1.228	1.649
0.229	0.310	0.413	0.527	0.628	0.730	0.800	0.921	1.010	1.113	1.228	1.649
0.229	0.310	0.413	0.527	0.628	0.730	0.800	0.921	1.010	1.113	1.228	1.649
0.229	0.310	0.413	0.527	0.628	0.730	0.800	0.921	1.010	1.113	1.228	1.649
0.229	0.310	0.413	0.527	0.628	0.730	0.800	0.921	1.010	1.113	1.228	1.649
0.229	0.310	0.413	0.527	0.628	0.730	0.800	0.921	1.010	1.113	1.228	1.649
0.229	0.310	0.413	0.527	0.628	0.730	0.800	0.921	1.010	1.113	1.228	1.649
0.229	0.310	0.413	0.527	0.628	0.730	0.800	0.921	1.010	1.113	1.228	1.649
0.229	0.310	0.413	0.527	0.628	0.730	0.800	0.921	1.010	1.113	1.228	1.649
0.229	0.310	0.413	0.527	0.628	0.730	0.800	0.921	1.010	1.113	1.228	1.649
0.229	0.310	0.413	0.527	0.628	0.730	0.800	0.921	1.010	1.113	1.228	1.649
0.229	0.310	0.413	0.527	0.628	0.730	0.800	0.921	1.010	1.113	1.228	1.649
0.229	0.310	0.413	0.527	0.628	0.730	0.800	0.921	1.010	1.113	1.228	1.649
0.229	0.310	0.413	0.527	0.628	0.730	0.800	0.921	1.010	1.113	1.228	1.649
0.229	0.310	0.413	0.527	0.628	0.730	0.800	0.921	1.010	1.113	1.228	1.649
0.229	0.310	0.413	0.527	0.628	0.730	0.800	0.921	1.010	1.113	1.228	1.649
0.229	0.310	0.413	0.527	0.628	0.730	0.800	0.921	1.010	1.113	1.228	1.649
0.229	0.310	0.413	0.527	0.628	0.730	0.800	0.921	1.010	1.113	1.228	1.649
0.229	0.310	0.413	0.527	0.628	0.730	0.800	0.921	1.010	1.113	1.228	1.649
0.229	0.310	0.413	0.527	0.628	0.730	0.800	0.921	1.010	1.113	1.228	1.649
0.229	0.310	0.413	0.527	0.628	0.730	0.800	0.921	1.010	1.113	1.228	1.649
0.229	0.310	0.413	0.527	0.628	0.730	0.800	0.921	1.010	1.113	1.228	1.649
0.229	0.310	0.413	0.527	0.628	0.730	0.800	0.921	1.010	1.113	1.228	1.649
0.229	0.310	0.413	0.527	0.628	0.730	0.800	0.921	1.010	1.113	1.228	1.649
0.290	0.400	0.501	0.608	0.676	0.773	0.837	0.964	1.111	1.249	1.299	2.221
0.268	0.406	0.568	0.667	0.740	0.818	0.865	0.958	0.987	1.078	1.191	1.839
0.284	0.388	0.552	0.704	0.792	0.872	0.930	1.007	1.078	1.158	1.332	1.938
0.209	0.365	0.507	0.640	0.725	0.805	0.869	0.937	1.022	1.130	1.274	1.750
0.310	0.339	0.473	0.595	0.675	0.739	0.808	0.841	0.908	0.988	1.079	1.491
0.149	0.321	0.434	0.535	0.633	0.733	0.809	0.878	0.918	0.993	0.976	1.526
0.244	0.314	0.447	0.553	0.658	0.733	0.796	0.868	0.984	1.066	1.176	1.467
0.262	0.355	0.424	0.528	0.605	0.716	0.846	0.977	0.916	0.972	1.021	1.457
0.197	0.253	0.332	0.435	0.554	0.667	0.713	0.810	0.960	0.940	1.122	1.183
0.211	0.253	0.324	0.414	0.546	0.665	0.708	0.888	1.165	1.226	1.461	1.933
0.180	0.250	0.319	0.428	0.566	0.678	0.778	0.837	0.948	1.102	1.093	1.649
0.200	0.243	0.305	0.424	0.531	0.572	0.653	0.863	0.894	1.259	1.460	1.820
0.200	0.275	0.348	0.448	0.569	0.741	0.698	1.005	1.133	1.251	1.417	1.625
0.192	0.257	0.357	0.491	0.586	0.728	0.793	0.979	1.076	1.099	1.178	1.553
0.215	0.265	0.359	0.493	0.615	0.727	0.848	1.011	1.058	1.305	1.432	1.619
0.275	0.317	0.406	0.543	0.641	0.737	0.806	0.959	1.107	1.153	1.185	1.666
0.211	0.268	0.361	0.450	0.568	0.700	0.835	0.870	0.903	0.944	1.182	1.307
0.229	0.310	0.413	0.527	0.628	0.730	0.800	0.921	1.010	1.113	1.228	1.649
0.229	0.310	0.413	0.527	0.628	0.730	0.800	0.921	1.010	1.113	1.228	1.649
0.229	0.310	0.413	0.527	0.628	0.730	0.800	0.921	1.010	1.113	1.228	1.649
0.229	0.310	0.413	0.527	0.628	0.730	0.800	0.921	1.010	1.113	1.228	1.649
0.229	0.310	0.413	0.527	0.628	0.730	0.800	0.921	1.010	1.113	1.228	1.649
0.229	0.310	0.413	0.527	0.628	0.730	0.800	0.921	1.010	1.113	1.228	1.649
0.229	0.310	0.413	0.527	0.628	0.730	0.800	0.921	1.010	1.113	1.228	1.649
0.229	0.310	0.413	0.527	0.628	0.730	0.800	0.921	1.010	1.113	1.228	1.649
0.229	0.310	0.413	0.527	0.628	0.730	0.800	0.921	1.010	1.113	1.228	1.649
#Wm_enm
0.217	0.300	0.391	0.486	0.588	0.704	0.797	0.929	1.049	1.163	1.249	1.610
0.217	0.300	0.391	0.486	0.588	0.704	0.797	0.929	1.049	1.163	1.249	1.610
0.217	0.300	0.391	0.486	0.588	0.704	0.797	0.929	1.049	1.163	1.249	1.610
0.217	0.300	0.391	0.486	0.588	0.704	0.797	0.929	1.049	1.163	1.249	1.610
0.217	0.300	0.391	0.486	0.588	0.704	0.797	0.929	1.049	1.163	1.249	1.610
0.217	0.300	0.391	0.486	0.588	0.704	0.797	0.929	1.049	1.163	1.249	1.610
0.217	0.300	0.391	0.486	0.588	0.704	0.797	0.929	1.049	1.163	1.249	1.610
0.217	0.300	0.391	0.486	0.588	0.704	0.797	0.929	1.049	1.163	1.249	1.610
0.217	0.300	0.391	0.486	0.588	0.704	0.797	0.929	1.049	1.163	1.249	1.610
0.217	0.300	0.391	0.486	0.588	0.704	0.797	0.929	1.049	1.163	1.249	1.610
0.217	0.300	0.391	0.486	0.588	0.704	0.797	0.929	1.049	1.163	1.249	1.610
0.217	0.300	0.391	0.486	0.588	0.704	0.797	0.929	1.049	1.163	1.249	1.610
0.217	0.300	0.391	0.486	0.588	0.704	0.797	0.929	1.049	1.163	1.249	1.610
0.217	0.300	0.391	0.486	0.588	0.704	0.797	0.929	1.049	1.163	1.249	1.610
0.217	0.300	0.391	0.486	0.588	0.704	0.797	0.929	1.049	1.163	1.249	1.610
0.217	0.300	0.391	0.486	0.588	0.704	0.797	0.929	1.049	1.163	1.249	1.610
0.217	0.300	0.391	0.486	0.588	0.704	0.797	0.929	1.049	1.163	1.249	1.610
0.217	0.300	0.391	0.486	0.588	0.704	0.797	0.929	1.049	1.163	1.249	1.610
0.217	0.300	0.391	0.486	0.588	0.704	0.797	0.929	1.049	1.163	1.249	1.610
0.217	0.300	0.391	0.486	0.588	0.704	0.797	0.929	1.049	1.163	1.249	1.610
0.217	0.300	0.391	0.486	0.588	0.704	0.797	0.929	1.049	1.163	1.249	1.610
0.217	0.300	0.391	0.486	0.588	0.704	0.797	0.929	1.049	1.163	1.249	1.610
0.217	0.300	0.391	0.486	0.588	0.704	0.797	0.929	1.049	1.163	1.249	1.610
0.217	0.300	0.391	0.486	0.588	0.704	0.797	0.929	1.049	1.163	1.249	1.610
0.217	0.300	0.391	0.486	0.588	0.704	0.797	0.929	1.049	1.163	1.249	1.610
0.217	0.300	0.391	0.486	0.588	0.704	0.797	0.929	1.049	1.163	1.249	1.610
0.217	0.300	0.391	0.486	0.588	0.704	0.797	0.929	1.049	1.163	1.249	1.610
0.217	0.300	0.391	0.486	0.588	0.704	0.797	0.929	1.049	1.163	1.249	1.610
0.217	0.300	0.391	0.486	0.588	0.704	0.797	0.929	1.049	1.163	1.249	1.610
0.217	0.300	0.391	0.486	0.588	0.704	0.797	0.929	1.049	1.163	1.249	1.610
0.217	0.300	0.391	0.486	0.588	0.704	0.797	0.929	1.049	1.163	1.249	1.610
0.217	0.300	0.391	0.486	0.588	0.704	0.797	0.929	1.049	1.163	1.249	1.610
0.217	0.300	0.391	0.486	0.588	0.704	0.797	0.929	1.049	1.163	1.249	1.610
0.217	0.300	0.391	0.486	0.588	0.704	0.797	0.929	1.049	1.163	1.249	1.610
0.217	0.300	0.391	0.486	0.588	0.704	0.797	0.929	1.049	1.163	1.249	1.610
0.217	0.300	0.391	0.486	0.588	0.704	0.797	0.929	1.049	1.163	1.249	1.610
0.217	0.300	0.391	0.486	0.588	0.704	0.797	0.929	1.049	1.163	1.249	1.610
0.217	0.300	0.391	0.486	0.588	0.704	0.797	0.929	1.049	1.163	1.249	1.610
0.217	0.300	0.391	0.486	0.588	0.704	0.797	0.929	1.049	1.163	1.249	1.610
0.217	0.300	0.391	0.486	0.588	0.704	0.797	0.929	1.049	1.163	1.249	1.610
0.217	0.300	0.391	0.486	0.588	0.704	0.797	0.929	1.049	1.163	1.249	1.610
0.217	0.300	0.391	0.486	0.588	0.704	0.797	0.929	1.049	1.163	1.249	1.610
0.217	0.300	0.391	0.486	0.588	0.704	0.797	0.929	1.049	1.163	1.249	1.610
0.217	0.300	0.391	0.486	0.588	0.704	0.797	0.929	1.049	1.163	1.249	1.610
0.217	0.300	0.391	0.486	0.588	0.704	0.797	0.929	1.049	1.163	1.249	1.610
0.217	0.300	0.391	0.486	0.588	0.704	0.797	0.929	1.049	1.163	1.249	1.610
0.217	0.300	0.391	0.486	0.588	0.704	0.797	0.929	1.049	1.163	1.249	1.610
0.217	0.300	0.391	0.486	0.588	0.704	0.797	0.929	1.049	1.163	1.249	1.610
0.217	0.300	0.391	0.486	0.588	0.704	0.797	0.929	1.049	1.163	1.249	1.610
0.217	0.300	0.391	0.486	0.588	0.704	0.797	0.929	1.049	1.163	1.249	1.610
0.217	0.300	0.391	0.486	0.588	0.704	0.797	0.929	1.049	1.163	1.249	1.610
0.217	0.300	0.391	0.486	0.588	0.704	0.797	0.929	1.049	1.163	1.249	1.610
0.217	0.300	0.391	0.486	0.588	0.704	0.797	0.929	1.049	1.163	1.249	1.610
0.217	0.300	0.391	0.486	0.588	0.704	0.797	0.929	1.049	1.163	1.249	1.610
0.217	0.300	0.391	0.486	0.588	0.704	0.797	0.929	1.049	1.163	1.249	1.610
0.217	0.300	0.391	0.486	0.588	0.704	0.797	0.929	1.049	1.163	1.249	1.610
0.217	0.300	0.391	0.486	0.588	0.704	0.797	0.929	1.049	1.163	1.249	1.610
0.217	0.300	0.391	0.486	0.588	0.704	0.797	0.929	1.049	1.163	1.249	1.610
0.217	0.300	0.391	0.486	0.588	0.704	0.797	0.929	1.049	1.163	1.249	1.610
0.217	0.300	0.391	0.486	0.588	0.704	0.797	0.929	1.049	1.163	1.249	1.610
0.217	0.300	0.391	0.486	0.588	0.704	0.797	0.929	1.049	1.163	1.249	1.610
0.217	0.300	0.391	0.486	0.588	0.704	0.797	0.929	1.049	1.163	1.249	1.610
0.317	0.478	0.542	0.621	0.683	0.741	0.804	0.835	0.886	0.938	1.017	1.311
0.203	0.391	0.499	0.554	0.606	0.650	0.686	0.743	0.762	0.805	0.805	0.942
0.216	0.317	0.511	0.584	0.656	0.710	0.791	0.844	0.927	0.968	1.012	1.276
0.231	0.329	0.450	0.548	0.632	0.690	0.785	0.895	0.972	1.064	1.078	1.449
0.150	0.268	0.394	0.533	0.606	0.722	0.786	0.891	1.143	1.012	1.247	1.391
0.195	0.276	0.383	0.497	0.620	0.661	0.734	0.921	0.946	1.115	1.135	1.783
0.170	0.252	0.354	0.457	0.567	0.698	0.756	0.815	0.902	1.016	1.174	1.330
0.208	0.289	0.357	0.480	0.590	0.656	0.749	0.952	0.995	1.191	1.317	1.706
0.185	0.292	0.350	0.433	0.578	0.777	0.773	1.044	1.193	1.451	1.553	1.860
0.202	0.276	0.330	0.399	0.473	0.592	0.697	0.842	0.936	1.036	1.179	1.601
0.219	0.276	0.346	0.433	0.531	0.641	0.800	0.944	0.993	1.262	1.285	1.679
0.242	0.278	0.353	0.464	0.578	0.729	0.872	1.176	1.065	1.181	1.469	1.773
0.232	0.290	0.368	0.452	0.568	0.737	0.840	0.958	1.254	1.365	1.329	1.755
0.255	0.285	0.352	0.449	0.547	0.741	0.845	0.892	1.139	1.438	1.166	1.618
0.248	0.302	0.376	0.469	0.595	0.777	0.934	1.055	1.257	1.199	1.598	1.918
0.218	0.280	0.366	0.461	0.586	0.702	0.809	0.965	1.102	1.362	1.368	1.739
0.102	0.184	0.317	0.452	0.633	0.786	0.802	0.999	1.290	1.252	1.361	1.868
0.246	0.309	0.373	0.459	0.568	0.670	0.821	0.958	1.063	1.320	1.347	1.754
0.250	0.300	0.395	0.480	0.574	0.689	0.837	0.963	1.067	1.132	1.144	1.666
0.257	0.320	0.395	0.487	0.576	0.706	0.823	0.885	1.090	1.156	1.396	1.785
0.257	0.322	0.399	0.469	0.547	0.654	0.727	0.880	0.968	0.974	1.298	1.717
0.203	0.270	0.361	0.471	0.570	0.693	0.810	0.952	0.970	1.289	1.410	1.610
#Inum 
1
#Inames 
CruBio
#Inumyears 
25
#Iyears
1995	1997	1999	2000	2001	2004	2005	2006	2007	2008	2009	2010	2011	2012	2013	2014	2015	2016	2017	2018	2019	2020	2021	2022	2023
#Imonths 
7
#Index
506	714	901	892	918	272	224	267	279	314	323	285	290	273	225	209	212	243	301	305	357	349	342	344	363
#Indexerr
75.9	107.1	135.15	133.8	137.7	40.8	33.6	40.05	41.85	47.1	48.45	42.75	43.5	40.95	33.75	31.35	31.8	36.45	45.15	45.75	53.55	52.35	51.3	51.6	54.45
#Inumageyears 
25
#Inumlengthyears 
0
#Iyearsage
1995	1997	1999	2000	2001	2004	2005	2006	2007	2008	2009	2010	2011	2012	2013	2014	2015	2016	2017	2018	2019	2020	2021	2022	2023
#Iagesample
35	35	35	35	35	35	35	35	35	35	35	35	35	35	35	35	35	35	35	35	35	35	35	35	35
#Ipropage 
3526	9999	29793	18329	9361	4256	3087	1574	1033	853	936	1128
7702	22147	22037	28719	22130	13782	6195	2168	2209	350	638	1306
4138	8649	16164	13336	10104	12263	10788	14470	6508	5263	3365	7739
11307	29965	21021	11100	8722	11877	9791	12094	5542	4106	2144	3912
21948	44745	56941	25869	11039	9202	5616	4659	3447	944	1560	3592
25011	21503	7806	6653	2456	1671	1573	980	420	145	83	450
26863	45013	4987	1303	885	693	285	88	106	0	68	39
28909	56534	16442	3498	949	383	182	136	39	25	18	97
36091	48715	18488	1655	666	300	162	129	94	23	42	51
57716	58236	14091	3186	865	779	535	97	187	58	13	273
36397	56001	21555	3269	636	696	245	326	456	452	206	590
36507	42930	15846	3604	2019	252	21	107	26	67	69	71
37756	31063	16647	3032	1686	708	137	194	214	135	50	137
30558	28701	7156	3200	802	324	770	152	85	224	100	401
22295	30266	7441	2545	1137	267	449	523	66	223	41	287
26198	30845	9880	1385	866	161	183	92	74	18	37	86
21288	36493	11413	1870	412	217	358	30	109	0	67	130
41524	28688	6481	2820	1828	592	146	274	102	50	71	100
19213	49098	10859	5041	3123	442	1092	282	320	161	145	356
20289	30390	20718	8274	1937	711	677	447	370	146	108	662
20669	30605	15337	4442	3228	2078	1099	202	851	982	537	1069
11148	20271	10800	6158	2684	1939	1140	620	1258	610	78	131
8857	22444	21611	6541	2919	1779	1148	845	712	285	152	586
13054	21294	14915	6291	1960	1885	839	631	178	451	31	420
19132	25997	9841	7144	3788	3299	2626	1602	1796	826	627	988
#Iwtatage 
0.182	0.283	0.419	0.537	0.647	0.778	0.860	0.992	1.061	1.207	1.363	1.824
0.182	0.283	0.419	0.537	0.647	0.778	0.860	0.992	1.061	1.207	1.363	1.824
0.182	0.283	0.419	0.537	0.647	0.778	0.860	0.992	1.061	1.207	1.363	1.824
0.182	0.283	0.419	0.537	0.647	0.778	0.860	0.992	1.061	1.207	1.363	1.824
0.182	0.283	0.419	0.537	0.647	0.778	0.860	0.992	1.061	1.207	1.363	1.824
0.182	0.283	0.419	0.537	0.647	0.778	0.860	0.992	1.061	1.207	1.363	1.824
0.182	0.283	0.419	0.537	0.647	0.778	0.860	0.992	1.061	1.207	1.363	1.824
0.182	0.283	0.419	0.537	0.647	0.778	0.860	0.992	1.061	1.207	1.363	1.824
0.182	0.283	0.419	0.537	0.647	0.778	0.860	0.992	1.061	1.207	1.363	1.824
0.182	0.283	0.419	0.537	0.647	0.778	0.860	0.992	1.061	1.207	1.363	1.824
0.182	0.283	0.419	0.537	0.647	0.778	0.860	0.992	1.061	1.207	1.363	1.824
0.182	0.283	0.419	0.537	0.647	0.778	0.860	0.992	1.061	1.207	1.363	1.824
0.182	0.283	0.419	0.537	0.647	0.778	0.860	0.992	1.061	1.207	1.363	1.824
0.182	0.283	0.419	0.537	0.647	0.778	0.860	0.992	1.061	1.207	1.363	1.824
0.182	0.283	0.419	0.537	0.647	0.778	0.860	0.992	1.061	1.207	1.363	1.824
0.182	0.283	0.419	0.537	0.647	0.778	0.860	0.992	1.061	1.207	1.363	1.824
0.182	0.283	0.419	0.537	0.647	0.778	0.860	0.992	1.061	1.207	1.363	1.824
0.182	0.283	0.419	0.537	0.647	0.778	0.860	0.992	1.061	1.207	1.363	1.824
0.182	0.283	0.419	0.537	0.647	0.778	0.860	0.992	1.061	1.207	1.363	1.824
0.182	0.283	0.419	0.537	0.647	0.778	0.860	0.992	1.061	1.207	1.363	1.824
0.182	0.283	0.419	0.537	0.647	0.778	0.860	0.992	1.061	1.207	1.363	1.824
0.182	0.283	0.419	0.537	0.647	0.778	0.860	0.992	1.061	1.207	1.363	1.824
0.182	0.283	0.419	0.537	0.647	0.778	0.860	0.992	1.061	1.207	1.363	1.824
0.182	0.283	0.419	0.537	0.647	0.778	0.860	0.992	1.061	1.207	1.363	1.824
0.182	0.283	0.419	0.537	0.647	0.778	0.860	0.992	1.061	1.207	1.363	1.824
0.182	0.283	0.419	0.537	0.647	0.778	0.860	0.992	1.061	1.207	1.363	1.824
0.182	0.283	0.419	0.537	0.647	0.778	0.860	0.992	1.061	1.207	1.363	1.824
0.182	0.283	0.419	0.537	0.647	0.778	0.860	0.992	1.061	1.207	1.363	1.824
0.182	0.283	0.419	0.537	0.647	0.778	0.860	0.992	1.061	1.207	1.363	1.824
0.182	0.283	0.419	0.537	0.647	0.778	0.860	0.992	1.061	1.207	1.363	1.824
0.182	0.283	0.419	0.537	0.647	0.778	0.860	0.992	1.061	1.207	1.363	1.824
0.182	0.283	0.419	0.537	0.647	0.778	0.860	0.992	1.061	1.207	1.363	1.824
0.182	0.283	0.419	0.537	0.647	0.778	0.860	0.992	1.061	1.207	1.363	1.824
0.182	0.283	0.419	0.537	0.647	0.778	0.860	0.992	1.061	1.207	1.363	1.824
0.182	0.283	0.419	0.537	0.647	0.778	0.860	0.992	1.061	1.207	1.363	1.824
0.182	0.283	0.419	0.537	0.647	0.778	0.860	0.992	1.061	1.207	1.363	1.824
0.182	0.283	0.419	0.537	0.647	0.778	0.860	0.992	1.061	1.207	1.363	1.824
0.182	0.283	0.419	0.537	0.647	0.778	0.860	0.992	1.061	1.207	1.363	1.824
0.182	0.283	0.419	0.537	0.647	0.778	0.860	0.992	1.061	1.207	1.363	1.824
0.182	0.283	0.419	0.537	0.647	0.778	0.860	0.992	1.061	1.207	1.363	1.824
0.182	0.283	0.419	0.537	0.647	0.778	0.860	0.992	1.061	1.207	1.363	1.824
0.182	0.283	0.419	0.537	0.647	0.778	0.860	0.992	1.061	1.207	1.363	1.824
0.182	0.283	0.419	0.537	0.647	0.778	0.860	0.992	1.061	1.207	1.363	1.824
0.182	0.283	0.419	0.537	0.647	0.778	0.860	0.992	1.061	1.207	1.363	1.824
0.182	0.283	0.419	0.537	0.647	0.778	0.860	0.992	1.061	1.207	1.363	1.824
0.182	0.283	0.419	0.537	0.647	0.778	0.860	0.992	1.061	1.207	1.363	1.824
0.182	0.283	0.419	0.537	0.647	0.778	0.860	0.992	1.061	1.207	1.363	1.824
0.182	0.283	0.419	0.537	0.647	0.778	0.860	0.992	1.061	1.207	1.363	1.824
0.182	0.283	0.419	0.537	0.647	0.778	0.860	0.992	1.061	1.207	1.363	1.824
0.182	0.283	0.419	0.537	0.647	0.778	0.860	0.992	1.061	1.207	1.363	1.824
0.182	0.283	0.419	0.537	0.647	0.778	0.860	0.992	1.061	1.207	1.363	1.824
0.182	0.283	0.419	0.537	0.647	0.778	0.860	0.992	1.061	1.207	1.363	1.824
0.182	0.283	0.419	0.537	0.647	0.778	0.860	0.992	1.061	1.207	1.363	1.824
0.182	0.283	0.419	0.537	0.647	0.778	0.860	0.992	1.061	1.207	1.363	1.824
0.182	0.283	0.419	0.537	0.647	0.778	0.860	0.992	1.061	1.207	1.363	1.824
0.200	0.390	0.505	0.571	0.653	0.735	0.925	1.046	1.251	1.334	1.452	2.192
0.182	0.283	0.419	0.537	0.647	0.778	0.860	0.992	1.061	1.207	1.363	1.824
0.176	0.276	0.428	0.552	0.631	0.731	0.879	0.971	1.129	1.141	1.455	2.157
0.182	0.283	0.419	0.537	0.647	0.778	0.860	0.992	1.061	1.207	1.363	1.824
0.223	0.354	0.488	0.598	0.657	0.785	0.833	0.958	1.010	1.075	1.230	1.828
0.249	0.341	0.460	0.599	0.650	0.796	0.849	0.958	0.987	1.055	1.191	1.873
0.168	0.303	0.439	0.549	0.638	0.733	0.810	0.830	0.952	1.153	1.264	1.730
0.198	0.296	0.447	0.538	0.611	0.654	0.736	0.806	0.909	0.959	1.027	1.495
0.182	0.283	0.419	0.537	0.647	0.778	0.860	0.992	1.061	1.207	1.363	1.824
0.149	0.243	0.409	0.558	0.664	0.742	0.861	0.975	1.078	1.150	1.338	2.075
0.159	0.244	0.377	0.486	0.626	0.749	0.802	0.941	1.016	1.136	1.300	1.615
0.144	0.227	0.330	0.426	0.603	0.764	0.779	0.962	0.979	1.122	1.401	2.105
0.152	0.246	0.367	0.533	0.684	0.674	0.898	0.980	1.162	1.539	1.661	1.783
0.138	0.211	0.345	0.481	0.608	0.601	0.815	1.005	0.869	0.983	1.543	1.460
0.140	0.238	0.361	0.509	0.656	0.661	0.670	0.923	0.838	1.145	1.608	1.628
0.169	0.258	0.361	0.457	0.540	0.804	1.019	0.991	1.138	1.116	1.208	1.320
0.172	0.270	0.413	0.508	0.692	0.753	0.914	1.117	1.062	1.368	1.576	1.864
0.198	0.303	0.494	0.608	0.860	1.031	1.118	1.349	1.149	1.336	1.737	2.055
0.183	0.282	0.397	0.545	0.629	0.891	0.741	0.972	0.975	1.056	1.563	1.480
0.176	0.257	0.401	0.484	0.672	0.955	0.801	1.074	0.979	1.152	1.436	1.471
0.170	0.263	0.379	0.507	0.525	0.777	0.869	1.170	1.097	1.154	1.554	2.014
0.161	0.271	0.418	0.486	0.600	0.724	0.912	0.891	1.124	1.155	1.316	1.942
0.188	0.281	0.419	0.523	0.616	0.777	0.827	0.915	1.145	1.701	1.560	1.860
0.181	0.291	0.420	0.523	0.622	0.803	0.877	1.066	1.314	1.204	1.192	1.837
0.203	0.315	0.442	0.558	0.625	0.741	0.857	0.972	1.086	1.177	1.278	1.759
0.229	0.346	0.481	0.585	0.678	0.828	0.832	0.922	1.355	1.312	1.295	2.017
0.238	0.349	0.488	0.645	0.756	0.896	1.001	1.057	1.068	1.418	0.933	2.233
0.197	0.321	0.482	0.608	0.690	0.837	0.887	0.920	1.057	1.232	1.554	2.421
0.209	0.298	0.467	0.576	0.669	0.705	0.928	0.858	1.019	0.964	1.413	2.054
#Pspwn 
8
#Pageerr 
1	0	0	0	0	0	0	0	0	0	0	0
0	1	0	0	0	0	0	0	0	0	0	0
0	0	1	0	0	0	0	0	0	0	0	0
0	0	0	1	0	0	0	0	0	0	0	0
0	0	0	0	1	0	0	0	0	0	0	0
0	0	0	0	0	1	0	0	0	0	0	0
0	0	0	0	0	0	1	0	0	0	0	0
0	0	0	0	0	0	0	1	0	0	0	0
0	0	0	0	0	0	0	0	1	0	0	0
0	0	0	0	0	0	0	0	0	1	0	0
0	0	0	0	0	0	0	0	0	0	1	0
0	0	0	0	0	0	0	0	0	0	0	1
